Test System
5.3
       1.0  0.0  0.0
       0.0  1.0  0.0
       0.0  0.0  1.0
Fe
1
C
          0.00000 0.00000 0.00000000000000 Fe

          0.00000 0.50000 0.70710678118655 N2
          0.00000 1.00000 1.41421356237310 Nb
          0.00000 1.50000 2.12132034355964 Nb
          0.00000 2.00000 2.82842712474619 Nb
          0.00000 2.50000 3.53553390593274 N2

          0.00000 3.00000 4.24264068711929 W3
          0.00000 3.50000 4.94974746830583 W4
          0.00000 4.00000 5.65685424949238 W5
          0.00000 4.50000 6.36396103067893 W6
          0.00000 5.00000 7.07106781186548 Fe
          0.00000 5.50000 7.77817459305202 V
          0.00000 6.00000 8.48528137423857 V
          0.00000 6.50000 9.19238815542512 V
