#   4  500
#   K   0.000000000E+00
#   G   9.010670041E-01
#   M   1.681413924E+00
#   K   2.131947424E+00
# Ef    0.000000000E+00
# dble((kount-1._dp)*deltak), (eval(i),i=1,dimHsc)
# dimHsc     4
 0.00000000E+000  -2.20658224E-008  -2.20658224E-008   2.20658224E-008   2.20658224E-008
 4.26389485E-003  -1.72148319E-002  -1.72148319E-002   1.72148319E-002   1.72148319E-002
 8.52778970E-003  -3.45261758E-002  -3.45261758E-002   3.45261758E-002   3.45261758E-002
 1.27916845E-002  -5.19323512E-002  -5.19323512E-002   5.19323512E-002   5.19323512E-002
 1.70555794E-002  -6.94316486E-002  -6.94316486E-002   6.94316486E-002   6.94316486E-002
 2.13194742E-002  -8.70223490E-002  -8.70223490E-002   8.70223490E-002   8.70223490E-002
 2.55833691E-002  -1.04702725E-001  -1.04702725E-001   1.04702725E-001   1.04702725E-001
 2.98472639E-002  -1.22471039E-001  -1.22471039E-001   1.22471039E-001   1.22471039E-001
 3.41111588E-002  -1.40325547E-001  -1.40325547E-001   1.40325547E-001   1.40325547E-001
 3.83750536E-002  -1.58264494E-001  -1.58264494E-001   1.58264494E-001   1.58264494E-001
 4.26389485E-002  -1.76286119E-001  -1.76286119E-001   1.76286119E-001   1.76286119E-001
 4.69028433E-002  -1.94388651E-001  -1.94388651E-001   1.94388651E-001   1.94388651E-001
 5.11667382E-002  -2.12570313E-001  -2.12570313E-001   2.12570313E-001   2.12570313E-001
 5.54306330E-002  -2.30829319E-001  -2.30829319E-001   2.30829319E-001   2.30829319E-001
 5.96945279E-002  -2.49163875E-001  -2.49163875E-001   2.49163875E-001   2.49163875E-001
 6.39584227E-002  -2.67572179E-001  -2.67572179E-001   2.67572179E-001   2.67572179E-001
 6.82223176E-002  -2.86052425E-001  -2.86052425E-001   2.86052425E-001   2.86052425E-001
 7.24862124E-002  -3.04602797E-001  -3.04602797E-001   3.04602797E-001   3.04602797E-001
 7.67501073E-002  -3.23221473E-001  -3.23221473E-001   3.23221473E-001   3.23221473E-001
 8.10140021E-002  -3.41906624E-001  -3.41906624E-001   3.41906624E-001   3.41906624E-001
 8.52778970E-002  -3.60656415E-001  -3.60656415E-001   3.60656415E-001   3.60656415E-001
 8.95417918E-002  -3.79469004E-001  -3.79469004E-001   3.79469004E-001   3.79469004E-001
 9.38056867E-002  -3.98342543E-001  -3.98342543E-001   3.98342543E-001   3.98342543E-001
 9.80695815E-002  -4.17275179E-001  -4.17275179E-001   4.17275179E-001   4.17275179E-001
 1.02333476E-001  -4.36265052E-001  -4.36265052E-001   4.36265052E-001   4.36265052E-001
 1.06597371E-001  -4.55310296E-001  -4.55310296E-001   4.55310296E-001   4.55310296E-001
 1.10861266E-001  -4.74409041E-001  -4.74409041E-001   4.74409041E-001   4.74409041E-001
 1.15125161E-001  -4.93559411E-001  -4.93559411E-001   4.93559411E-001   4.93559411E-001
 1.19389056E-001  -5.12759526E-001  -5.12759526E-001   5.12759526E-001   5.12759526E-001
 1.23652951E-001  -5.32007498E-001  -5.32007498E-001   5.32007498E-001   5.32007498E-001
 1.27916845E-001  -5.51301438E-001  -5.51301438E-001   5.51301438E-001   5.51301438E-001
 1.32180740E-001  -5.70639450E-001  -5.70639450E-001   5.70639450E-001   5.70639450E-001
 1.36444635E-001  -5.90019636E-001  -5.90019636E-001   5.90019636E-001   5.90019636E-001
 1.40708530E-001  -6.09440091E-001  -6.09440091E-001   6.09440091E-001   6.09440091E-001
 1.44972425E-001  -6.28898907E-001  -6.28898907E-001   6.28898907E-001   6.28898907E-001
 1.49236320E-001  -6.48394175E-001  -6.48394175E-001   6.48394175E-001   6.48394175E-001
 1.53500215E-001  -6.67923978E-001  -6.67923978E-001   6.67923978E-001   6.67923978E-001
 1.57764109E-001  -6.87486398E-001  -6.87486398E-001   6.87486398E-001   6.87486398E-001
 1.62028004E-001  -7.07079515E-001  -7.07079515E-001   7.07079515E-001   7.07079515E-001
 1.66291899E-001  -7.26701403E-001  -7.26701403E-001   7.26701403E-001   7.26701403E-001
 1.70555794E-001  -7.46350135E-001  -7.46350135E-001   7.46350135E-001   7.46350135E-001
 1.74819689E-001  -7.66023781E-001  -7.66023781E-001   7.66023781E-001   7.66023781E-001
 1.79083584E-001  -7.85720410E-001  -7.85720410E-001   7.85720410E-001   7.85720410E-001
 1.83347478E-001  -8.05438085E-001  -8.05438085E-001   8.05438085E-001   8.05438085E-001
 1.87611373E-001  -8.25174871E-001  -8.25174871E-001   8.25174871E-001   8.25174871E-001
 1.91875268E-001  -8.44928828E-001  -8.44928828E-001   8.44928828E-001   8.44928828E-001
 1.96139163E-001  -8.64698017E-001  -8.64698017E-001   8.64698017E-001   8.64698017E-001
 2.00403058E-001  -8.84480496E-001  -8.84480496E-001   8.84480496E-001   8.84480496E-001
 2.04666953E-001  -9.04274322E-001  -9.04274322E-001   9.04274322E-001   9.04274322E-001
 2.08930848E-001  -9.24077550E-001  -9.24077550E-001   9.24077550E-001   9.24077550E-001
 2.13194742E-001  -9.43888235E-001  -9.43888235E-001   9.43888235E-001   9.43888235E-001
 2.17458637E-001  -9.63704432E-001  -9.63704432E-001   9.63704432E-001   9.63704432E-001
 2.21722532E-001  -9.83524193E-001  -9.83524193E-001   9.83524193E-001   9.83524193E-001
 2.25986427E-001  -1.00334557E+000  -1.00334557E+000   1.00334557E+000   1.00334557E+000
 2.30250322E-001  -1.02316662E+000  -1.02316662E+000   1.02316662E+000   1.02316662E+000
 2.34514217E-001  -1.04298540E+000  -1.04298540E+000   1.04298540E+000   1.04298540E+000
 2.38778112E-001  -1.06279995E+000  -1.06279995E+000   1.06279995E+000   1.06279995E+000
 2.43042006E-001  -1.08260834E+000  -1.08260834E+000   1.08260834E+000   1.08260834E+000
 2.47305901E-001  -1.10240861E+000  -1.10240861E+000   1.10240861E+000   1.10240861E+000
 2.51569796E-001  -1.12219882E+000  -1.12219882E+000   1.12219882E+000   1.12219882E+000
 2.55833691E-001  -1.14197703E+000  -1.14197703E+000   1.14197703E+000   1.14197703E+000
 2.60097586E-001  -1.16174130E+000  -1.16174130E+000   1.16174130E+000   1.16174130E+000
 2.64361481E-001  -1.18148968E+000  -1.18148968E+000   1.18148968E+000   1.18148968E+000
 2.68625375E-001  -1.20122023E+000  -1.20122023E+000   1.20122023E+000   1.20122023E+000
 2.72889270E-001  -1.22093101E+000  -1.22093101E+000   1.22093101E+000   1.22093101E+000
 2.77153165E-001  -1.24062010E+000  -1.24062010E+000   1.24062010E+000   1.24062010E+000
 2.81417060E-001  -1.26028555E+000  -1.26028555E+000   1.26028555E+000   1.26028555E+000
 2.85680955E-001  -1.27992544E+000  -1.27992544E+000   1.27992544E+000   1.27992544E+000
 2.89944850E-001  -1.29953783E+000  -1.29953783E+000   1.29953783E+000   1.29953783E+000
 2.94208745E-001  -1.31912080E+000  -1.31912080E+000   1.31912080E+000   1.31912080E+000
 2.98472639E-001  -1.33867242E+000  -1.33867242E+000   1.33867242E+000   1.33867242E+000
 3.02736534E-001  -1.35819078E+000  -1.35819078E+000   1.35819078E+000   1.35819078E+000
 3.07000429E-001  -1.37767396E+000  -1.37767396E+000   1.37767396E+000   1.37767396E+000
 3.11264324E-001  -1.39712004E+000  -1.39712004E+000   1.39712004E+000   1.39712004E+000
 3.15528219E-001  -1.41652711E+000  -1.41652711E+000   1.41652711E+000   1.41652711E+000
 3.19792114E-001  -1.43589328E+000  -1.43589328E+000   1.43589328E+000   1.43589328E+000
 3.24056009E-001  -1.45521662E+000  -1.45521662E+000   1.45521662E+000   1.45521662E+000
 3.28319903E-001  -1.47449526E+000  -1.47449526E+000   1.47449526E+000   1.47449526E+000
 3.32583798E-001  -1.49372729E+000  -1.49372729E+000   1.49372729E+000   1.49372729E+000
 3.36847693E-001  -1.51291082E+000  -1.51291082E+000   1.51291082E+000   1.51291082E+000
 3.41111588E-001  -1.53204397E+000  -1.53204397E+000   1.53204397E+000   1.53204397E+000
 3.45375483E-001  -1.55112487E+000  -1.55112487E+000   1.55112487E+000   1.55112487E+000
 3.49639378E-001  -1.57015163E+000  -1.57015163E+000   1.57015163E+000   1.57015163E+000
 3.53903272E-001  -1.58912239E+000  -1.58912239E+000   1.58912239E+000   1.58912239E+000
 3.58167167E-001  -1.60803528E+000  -1.60803528E+000   1.60803528E+000   1.60803528E+000
 3.62431062E-001  -1.62688845E+000  -1.62688845E+000   1.62688845E+000   1.62688845E+000
 3.66694957E-001  -1.64568005E+000  -1.64568005E+000   1.64568005E+000   1.64568005E+000
 3.70958852E-001  -1.66440823E+000  -1.66440823E+000   1.66440823E+000   1.66440823E+000
 3.75222747E-001  -1.68307114E+000  -1.68307114E+000   1.68307114E+000   1.68307114E+000
 3.79486642E-001  -1.70166696E+000  -1.70166696E+000   1.70166696E+000   1.70166696E+000
 3.83750536E-001  -1.72019387E+000  -1.72019387E+000   1.72019387E+000   1.72019387E+000
 3.88014431E-001  -1.73865003E+000  -1.73865003E+000   1.73865003E+000   1.73865003E+000
 3.92278326E-001  -1.75703364E+000  -1.75703364E+000   1.75703364E+000   1.75703364E+000
 3.96542221E-001  -1.77534289E+000  -1.77534289E+000   1.77534289E+000   1.77534289E+000
 4.00806116E-001  -1.79357599E+000  -1.79357599E+000   1.79357599E+000   1.79357599E+000
 4.05070011E-001  -1.81173114E+000  -1.81173114E+000   1.81173114E+000   1.81173114E+000
 4.09333905E-001  -1.82980656E+000  -1.82980656E+000   1.82980656E+000   1.82980656E+000
 4.13597800E-001  -1.84780047E+000  -1.84780047E+000   1.84780047E+000   1.84780047E+000
 4.17861695E-001  -1.86571111E+000  -1.86571111E+000   1.86571111E+000   1.86571111E+000
 4.22125590E-001  -1.88353672E+000  -1.88353672E+000   1.88353672E+000   1.88353672E+000
 4.26389485E-001  -1.90127554E+000  -1.90127554E+000   1.90127554E+000   1.90127554E+000
 4.30653380E-001  -1.91892584E+000  -1.91892584E+000   1.91892584E+000   1.91892584E+000
 4.34917275E-001  -1.93648588E+000  -1.93648588E+000   1.93648588E+000   1.93648588E+000
 4.39181169E-001  -1.95395393E+000  -1.95395393E+000   1.95395393E+000   1.95395393E+000
 4.43445064E-001  -1.97132829E+000  -1.97132829E+000   1.97132829E+000   1.97132829E+000
 4.47708959E-001  -1.98860724E+000  -1.98860724E+000   1.98860724E+000   1.98860724E+000
 4.51972854E-001  -2.00578908E+000  -2.00578908E+000   2.00578908E+000   2.00578908E+000
 4.56236749E-001  -2.02287213E+000  -2.02287213E+000   2.02287213E+000   2.02287213E+000
 4.60500644E-001  -2.03985471E+000  -2.03985471E+000   2.03985471E+000   2.03985471E+000
 4.64764539E-001  -2.05673516E+000  -2.05673516E+000   2.05673516E+000   2.05673516E+000
 4.69028433E-001  -2.07351181E+000  -2.07351181E+000   2.07351181E+000   2.07351181E+000
 4.73292328E-001  -2.09018301E+000  -2.09018301E+000   2.09018301E+000   2.09018301E+000
 4.77556223E-001  -2.10674714E+000  -2.10674714E+000   2.10674714E+000   2.10674714E+000
 4.81820118E-001  -2.12320256E+000  -2.12320256E+000   2.12320256E+000   2.12320256E+000
 4.86084013E-001  -2.13954765E+000  -2.13954765E+000   2.13954765E+000   2.13954765E+000
 4.90347908E-001  -2.15578081E+000  -2.15578081E+000   2.15578081E+000   2.15578081E+000
 4.94611802E-001  -2.17190045E+000  -2.17190045E+000   2.17190045E+000   2.17190045E+000
 4.98875697E-001  -2.18790499E+000  -2.18790499E+000   2.18790499E+000   2.18790499E+000
 5.03139592E-001  -2.20379284E+000  -2.20379284E+000   2.20379284E+000   2.20379284E+000
 5.07403487E-001  -2.21956245E+000  -2.21956245E+000   2.21956245E+000   2.21956245E+000
 5.11667382E-001  -2.23521228E+000  -2.23521228E+000   2.23521228E+000   2.23521228E+000
 5.15931277E-001  -2.25074078E+000  -2.25074078E+000   2.25074078E+000   2.25074078E+000
 5.20195172E-001  -2.26614642E+000  -2.26614642E+000   2.26614642E+000   2.26614642E+000
 5.24459066E-001  -2.28142770E+000  -2.28142770E+000   2.28142770E+000   2.28142770E+000
 5.28722961E-001  -2.29658312E+000  -2.29658312E+000   2.29658312E+000   2.29658312E+000
 5.32986856E-001  -2.31161118E+000  -2.31161118E+000   2.31161118E+000   2.31161118E+000
 5.37250751E-001  -2.32651042E+000  -2.32651042E+000   2.32651042E+000   2.32651042E+000
 5.41514646E-001  -2.34127936E+000  -2.34127936E+000   2.34127936E+000   2.34127936E+000
 5.45778541E-001  -2.35591655E+000  -2.35591655E+000   2.35591655E+000   2.35591655E+000
 5.50042435E-001  -2.37042056E+000  -2.37042056E+000   2.37042056E+000   2.37042056E+000
 5.54306330E-001  -2.38478997E+000  -2.38478997E+000   2.38478997E+000   2.38478997E+000
 5.58570225E-001  -2.39902336E+000  -2.39902336E+000   2.39902336E+000   2.39902336E+000
 5.62834120E-001  -2.41311933E+000  -2.41311933E+000   2.41311933E+000   2.41311933E+000
 5.67098015E-001  -2.42707650E+000  -2.42707650E+000   2.42707650E+000   2.42707650E+000
 5.71361910E-001  -2.44089350E+000  -2.44089350E+000   2.44089350E+000   2.44089350E+000
 5.75625805E-001  -2.45456897E+000  -2.45456897E+000   2.45456897E+000   2.45456897E+000
 5.79889699E-001  -2.46810157E+000  -2.46810157E+000   2.46810157E+000   2.46810157E+000
 5.84153594E-001  -2.48148997E+000  -2.48148997E+000   2.48148997E+000   2.48148997E+000
 5.88417489E-001  -2.49473285E+000  -2.49473285E+000   2.49473285E+000   2.49473285E+000
 5.92681384E-001  -2.50782892E+000  -2.50782892E+000   2.50782892E+000   2.50782892E+000
 5.96945279E-001  -2.52077688E+000  -2.52077688E+000   2.52077688E+000   2.52077688E+000
 6.01209174E-001  -2.53357547E+000  -2.53357547E+000   2.53357547E+000   2.53357547E+000
 6.05473069E-001  -2.54622342E+000  -2.54622342E+000   2.54622342E+000   2.54622342E+000
 6.09736963E-001  -2.55871950E+000  -2.55871950E+000   2.55871950E+000   2.55871950E+000
 6.14000858E-001  -2.57106248E+000  -2.57106248E+000   2.57106248E+000   2.57106248E+000
 6.18264753E-001  -2.58325115E+000  -2.58325115E+000   2.58325115E+000   2.58325115E+000
 6.22528648E-001  -2.59528430E+000  -2.59528430E+000   2.59528430E+000   2.59528430E+000
 6.26792543E-001  -2.60716076E+000  -2.60716076E+000   2.60716076E+000   2.60716076E+000
 6.31056438E-001  -2.61887936E+000  -2.61887936E+000   2.61887936E+000   2.61887936E+000
 6.35320332E-001  -2.63043895E+000  -2.63043895E+000   2.63043895E+000   2.63043895E+000
 6.39584227E-001  -2.64183839E+000  -2.64183839E+000   2.64183839E+000   2.64183839E+000
 6.43848122E-001  -2.65307657E+000  -2.65307657E+000   2.65307657E+000   2.65307657E+000
 6.48112017E-001  -2.66415237E+000  -2.66415237E+000   2.66415237E+000   2.66415237E+000
 6.52375912E-001  -2.67506472E+000  -2.67506472E+000   2.67506472E+000   2.67506472E+000
 6.56639807E-001  -2.68581254E+000  -2.68581254E+000   2.68581254E+000   2.68581254E+000
 6.60903702E-001  -2.69639478E+000  -2.69639478E+000   2.69639478E+000   2.69639478E+000
 6.65167596E-001  -2.70681038E+000  -2.70681038E+000   2.70681038E+000   2.70681038E+000
 6.69431491E-001  -2.71705835E+000  -2.71705835E+000   2.71705835E+000   2.71705835E+000
 6.73695386E-001  -2.72713765E+000  -2.72713765E+000   2.72713765E+000   2.72713765E+000
 6.77959281E-001  -2.73704732E+000  -2.73704732E+000   2.73704732E+000   2.73704732E+000
 6.82223176E-001  -2.74678636E+000  -2.74678636E+000   2.74678636E+000   2.74678636E+000
 6.86487071E-001  -2.75635383E+000  -2.75635383E+000   2.75635383E+000   2.75635383E+000
 6.90750965E-001  -2.76574879E+000  -2.76574879E+000   2.76574879E+000   2.76574879E+000
 6.95014860E-001  -2.77497031E+000  -2.77497031E+000   2.77497031E+000   2.77497031E+000
 6.99278755E-001  -2.78401749E+000  -2.78401749E+000   2.78401749E+000   2.78401749E+000
 7.03542650E-001  -2.79288943E+000  -2.79288943E+000   2.79288943E+000   2.79288943E+000
 7.07806545E-001  -2.80158528E+000  -2.80158528E+000   2.80158528E+000   2.80158528E+000
 7.12070440E-001  -2.81010416E+000  -2.81010416E+000   2.81010416E+000   2.81010416E+000
 7.16334335E-001  -2.81844526E+000  -2.81844526E+000   2.81844526E+000   2.81844526E+000
 7.20598229E-001  -2.82660774E+000  -2.82660774E+000   2.82660774E+000   2.82660774E+000
 7.24862124E-001  -2.83459080E+000  -2.83459080E+000   2.83459080E+000   2.83459080E+000
 7.29126019E-001  -2.84239367E+000  -2.84239367E+000   2.84239367E+000   2.84239367E+000
 7.33389914E-001  -2.85001557E+000  -2.85001557E+000   2.85001557E+000   2.85001557E+000
 7.37653809E-001  -2.85745576E+000  -2.85745576E+000   2.85745576E+000   2.85745576E+000
 7.41917704E-001  -2.86471350E+000  -2.86471350E+000   2.86471350E+000   2.86471350E+000
 7.46181599E-001  -2.87178809E+000  -2.87178809E+000   2.87178809E+000   2.87178809E+000
 7.50445493E-001  -2.87867882E+000  -2.87867882E+000   2.87867882E+000   2.87867882E+000
 7.54709388E-001  -2.88538502E+000  -2.88538502E+000   2.88538502E+000   2.88538502E+000
 7.58973283E-001  -2.89190604E+000  -2.89190604E+000   2.89190604E+000   2.89190604E+000
 7.63237178E-001  -2.89824123E+000  -2.89824123E+000   2.89824123E+000   2.89824123E+000
 7.67501073E-001  -2.90438997E+000  -2.90438997E+000   2.90438997E+000   2.90438997E+000
 7.71764968E-001  -2.91035165E+000  -2.91035165E+000   2.91035165E+000   2.91035165E+000
 7.76028862E-001  -2.91612569E+000  -2.91612569E+000   2.91612569E+000   2.91612569E+000
 7.80292757E-001  -2.92171153E+000  -2.92171153E+000   2.92171153E+000   2.92171153E+000
 7.84556652E-001  -2.92710861E+000  -2.92710861E+000   2.92710861E+000   2.92710861E+000
 7.88820547E-001  -2.93231640E+000  -2.93231640E+000   2.93231640E+000   2.93231640E+000
 7.93084442E-001  -2.93733440E+000  -2.93733440E+000   2.93733440E+000   2.93733440E+000
 7.97348337E-001  -2.94216210E+000  -2.94216210E+000   2.94216210E+000   2.94216210E+000
 8.01612232E-001  -2.94679904E+000  -2.94679904E+000   2.94679904E+000   2.94679904E+000
 8.05876126E-001  -2.95124476E+000  -2.95124476E+000   2.95124476E+000   2.95124476E+000
 8.10140021E-001  -2.95549883E+000  -2.95549883E+000   2.95549883E+000   2.95549883E+000
 8.14403916E-001  -2.95956082E+000  -2.95956082E+000   2.95956082E+000   2.95956082E+000
 8.18667811E-001  -2.96343033E+000  -2.96343033E+000   2.96343033E+000   2.96343033E+000
 8.22931706E-001  -2.96710699E+000  -2.96710699E+000   2.96710699E+000   2.96710699E+000
 8.27195601E-001  -2.97059044E+000  -2.97059044E+000   2.97059044E+000   2.97059044E+000
 8.31459496E-001  -2.97388033E+000  -2.97388033E+000   2.97388033E+000   2.97388033E+000
 8.35723390E-001  -2.97697634E+000  -2.97697634E+000   2.97697634E+000   2.97697634E+000
 8.39987285E-001  -2.97987817E+000  -2.97987817E+000   2.97987817E+000   2.97987817E+000
 8.44251180E-001  -2.98258552E+000  -2.98258552E+000   2.98258552E+000   2.98258552E+000
 8.48515075E-001  -2.98509815E+000  -2.98509815E+000   2.98509815E+000   2.98509815E+000
 8.52778970E-001  -2.98741578E+000  -2.98741578E+000   2.98741578E+000   2.98741578E+000
 8.57042865E-001  -2.98953821E+000  -2.98953821E+000   2.98953821E+000   2.98953821E+000
 8.61306759E-001  -2.99146523E+000  -2.99146523E+000   2.99146523E+000   2.99146523E+000
 8.65570654E-001  -2.99319663E+000  -2.99319663E+000   2.99319663E+000   2.99319663E+000
 8.69834549E-001  -2.99473226E+000  -2.99473226E+000   2.99473226E+000   2.99473226E+000
 8.74098444E-001  -2.99607196E+000  -2.99607196E+000   2.99607196E+000   2.99607196E+000
 8.78362339E-001  -2.99721559E+000  -2.99721559E+000   2.99721559E+000   2.99721559E+000
 8.82626234E-001  -2.99816306E+000  -2.99816306E+000   2.99816306E+000   2.99816306E+000
 8.86890129E-001  -2.99891426E+000  -2.99891426E+000   2.99891426E+000   2.99891426E+000
 8.91154023E-001  -2.99946912E+000  -2.99946912E+000   2.99946912E+000   2.99946912E+000
 8.95417918E-001  -2.99982759E+000  -2.99982759E+000   2.99982759E+000   2.99982759E+000
 8.99681813E-001  -3.00000000E+000  -3.00000000E+000   3.00000000E+000   3.00000000E+000
 9.03945708E-001  -2.99990178E+000  -2.99990178E+000   2.99990178E+000   2.99990178E+000
 9.08209603E-001  -2.99960712E+000  -2.99960712E+000   2.99960712E+000   2.99960712E+000
 9.12473498E-001  -2.99911605E+000  -2.99911605E+000   2.99911605E+000   2.99911605E+000
 9.16737392E-001  -2.99842863E+000  -2.99842863E+000   2.99842863E+000   2.99842863E+000
 9.21001287E-001  -2.99754491E+000  -2.99754491E+000   2.99754491E+000   2.99754491E+000
 9.25265182E-001  -2.99646499E+000  -2.99646499E+000   2.99646499E+000   2.99646499E+000
 9.29529077E-001  -2.99518897E+000  -2.99518897E+000   2.99518897E+000   2.99518897E+000
 9.33792972E-001  -2.99371698E+000  -2.99371698E+000   2.99371698E+000   2.99371698E+000
 9.38056867E-001  -2.99204916E+000  -2.99204916E+000   2.99204916E+000   2.99204916E+000
 9.42320762E-001  -2.99018568E+000  -2.99018568E+000   2.99018568E+000   2.99018568E+000
 9.46584656E-001  -2.98812672E+000  -2.98812672E+000   2.98812672E+000   2.98812672E+000
 9.50848551E-001  -2.98587248E+000  -2.98587248E+000   2.98587248E+000   2.98587248E+000
 9.55112446E-001  -2.98342318E+000  -2.98342318E+000   2.98342318E+000   2.98342318E+000
 9.59376341E-001  -2.98077907E+000  -2.98077907E+000   2.98077907E+000   2.98077907E+000
 9.63640236E-001  -2.97794041E+000  -2.97794041E+000   2.97794041E+000   2.97794041E+000
 9.67904131E-001  -2.97490748E+000  -2.97490748E+000   2.97490748E+000   2.97490748E+000
 9.72168026E-001  -2.97168058E+000  -2.97168058E+000   2.97168058E+000   2.97168058E+000
 9.76431920E-001  -2.96826003E+000  -2.96826003E+000   2.96826003E+000   2.96826003E+000
 9.80695815E-001  -2.96464617E+000  -2.96464617E+000   2.96464617E+000   2.96464617E+000
 9.84959710E-001  -2.96083935E+000  -2.96083935E+000   2.96083935E+000   2.96083935E+000
 9.89223605E-001  -2.95683997E+000  -2.95683997E+000   2.95683997E+000   2.95683997E+000
 9.93487500E-001  -2.95264840E+000  -2.95264840E+000   2.95264840E+000   2.95264840E+000
 9.97751395E-001  -2.94826508E+000  -2.94826508E+000   2.94826508E+000   2.94826508E+000
 1.00201529E+000  -2.94369044E+000  -2.94369044E+000   2.94369044E+000   2.94369044E+000
 1.00627918E+000  -2.93892494E+000  -2.93892494E+000   2.93892494E+000   2.93892494E+000
 1.01054308E+000  -2.93396906E+000  -2.93396906E+000   2.93396906E+000   2.93396906E+000
 1.01480697E+000  -2.92882329E+000  -2.92882329E+000   2.92882329E+000   2.92882329E+000
 1.01907087E+000  -2.92348815E+000  -2.92348815E+000   2.92348815E+000   2.92348815E+000
 1.02333476E+000  -2.91796418E+000  -2.91796418E+000   2.91796418E+000   2.91796418E+000
 1.02759866E+000  -2.91225194E+000  -2.91225194E+000   2.91225194E+000   2.91225194E+000
 1.03186255E+000  -2.90635201E+000  -2.90635201E+000   2.90635201E+000   2.90635201E+000
 1.03612645E+000  -2.90026498E+000  -2.90026498E+000   2.90026498E+000   2.90026498E+000
 1.04039034E+000  -2.89399147E+000  -2.89399147E+000   2.89399147E+000   2.89399147E+000
 1.04465424E+000  -2.88753213E+000  -2.88753213E+000   2.88753213E+000   2.88753213E+000
 1.04891813E+000  -2.88088761E+000  -2.88088761E+000   2.88088761E+000   2.88088761E+000
 1.05318203E+000  -2.87405859E+000  -2.87405859E+000   2.87405859E+000   2.87405859E+000
 1.05744592E+000  -2.86704577E+000  -2.86704577E+000   2.86704577E+000   2.86704577E+000
 1.06170982E+000  -2.85984988E+000  -2.85984988E+000   2.85984988E+000   2.85984988E+000
 1.06597371E+000  -2.85247166E+000  -2.85247166E+000   2.85247166E+000   2.85247166E+000
 1.07023761E+000  -2.84491187E+000  -2.84491187E+000   2.84491187E+000   2.84491187E+000
 1.07450150E+000  -2.83717131E+000  -2.83717131E+000   2.83717131E+000   2.83717131E+000
 1.07876540E+000  -2.82925076E+000  -2.82925076E+000   2.82925076E+000   2.82925076E+000
 1.08302929E+000  -2.82115107E+000  -2.82115107E+000   2.82115107E+000   2.82115107E+000
 1.08729319E+000  -2.81287308E+000  -2.81287308E+000   2.81287308E+000   2.81287308E+000
 1.09155708E+000  -2.80441767E+000  -2.80441767E+000   2.80441767E+000   2.80441767E+000
 1.09582098E+000  -2.79578572E+000  -2.79578572E+000   2.79578572E+000   2.79578572E+000
 1.10008487E+000  -2.78697815E+000  -2.78697815E+000   2.78697815E+000   2.78697815E+000
 1.10434877E+000  -2.77799591E+000  -2.77799591E+000   2.77799591E+000   2.77799591E+000
 1.10861266E+000  -2.76883994E+000  -2.76883994E+000   2.76883994E+000   2.76883994E+000
 1.11287656E+000  -2.75951123E+000  -2.75951123E+000   2.75951123E+000   2.75951123E+000
 1.11714045E+000  -2.75001079E+000  -2.75001079E+000   2.75001079E+000   2.75001079E+000
 1.12140435E+000  -2.74033965E+000  -2.74033965E+000   2.74033965E+000   2.74033965E+000
 1.12566824E+000  -2.73049885E+000  -2.73049885E+000   2.73049885E+000   2.73049885E+000
 1.12993213E+000  -2.72048947E+000  -2.72048947E+000   2.72048947E+000   2.72048947E+000
 1.13419603E+000  -2.71031261E+000  -2.71031261E+000   2.71031261E+000   2.71031261E+000
 1.13845992E+000  -2.69996940E+000  -2.69996940E+000   2.69996940E+000   2.69996940E+000
 1.14272382E+000  -2.68946097E+000  -2.68946097E+000   2.68946097E+000   2.68946097E+000
 1.14698771E+000  -2.67878849E+000  -2.67878849E+000   2.67878849E+000   2.67878849E+000
 1.15125161E+000  -2.66795317E+000  -2.66795317E+000   2.66795317E+000   2.66795317E+000
 1.15551550E+000  -2.65695622E+000  -2.65695622E+000   2.65695622E+000   2.65695622E+000
 1.15977940E+000  -2.64579889E+000  -2.64579889E+000   2.64579889E+000   2.64579889E+000
 1.16404329E+000  -2.63448245E+000  -2.63448245E+000   2.63448245E+000   2.63448245E+000
 1.16830719E+000  -2.62300820E+000  -2.62300820E+000   2.62300820E+000   2.62300820E+000
 1.17257108E+000  -2.61137745E+000  -2.61137745E+000   2.61137745E+000   2.61137745E+000
 1.17683498E+000  -2.59959157E+000  -2.59959157E+000   2.59959157E+000   2.59959157E+000
 1.18109887E+000  -2.58765192E+000  -2.58765192E+000   2.58765192E+000   2.58765192E+000
 1.18536277E+000  -2.57555991E+000  -2.57555991E+000   2.57555991E+000   2.57555991E+000
 1.18962666E+000  -2.56331698E+000  -2.56331698E+000   2.56331698E+000   2.56331698E+000
 1.19389056E+000  -2.55092458E+000  -2.55092458E+000   2.55092458E+000   2.55092458E+000
 1.19815445E+000  -2.53838420E+000  -2.53838420E+000   2.53838420E+000   2.53838420E+000
 1.20241835E+000  -2.52569737E+000  -2.52569737E+000   2.52569737E+000   2.52569737E+000
 1.20668224E+000  -2.51286562E+000  -2.51286562E+000   2.51286562E+000   2.51286562E+000
 1.21094614E+000  -2.49989055E+000  -2.49989055E+000   2.49989055E+000   2.49989055E+000
 1.21521003E+000  -2.48677375E+000  -2.48677375E+000   2.48677375E+000   2.48677375E+000
 1.21947393E+000  -2.47351688E+000  -2.47351688E+000   2.47351688E+000   2.47351688E+000
 1.22373782E+000  -2.46012160E+000  -2.46012160E+000   2.46012160E+000   2.46012160E+000
 1.22800172E+000  -2.44658962E+000  -2.44658962E+000   2.44658962E+000   2.44658962E+000
 1.23226561E+000  -2.43292268E+000  -2.43292268E+000   2.43292268E+000   2.43292268E+000
 1.23652951E+000  -2.41912256E+000  -2.41912256E+000   2.41912256E+000   2.41912256E+000
 1.24079340E+000  -2.40519106E+000  -2.40519106E+000   2.40519106E+000   2.40519106E+000
 1.24505730E+000  -2.39113003E+000  -2.39113003E+000   2.39113003E+000   2.39113003E+000
 1.24932119E+000  -2.37694136E+000  -2.37694136E+000   2.37694136E+000   2.37694136E+000
 1.25358509E+000  -2.36262695E+000  -2.36262695E+000   2.36262695E+000   2.36262695E+000
 1.25784898E+000  -2.34818876E+000  -2.34818876E+000   2.34818876E+000   2.34818876E+000
 1.26211288E+000  -2.33362880E+000  -2.33362880E+000   2.33362880E+000   2.33362880E+000
 1.26637677E+000  -2.31894911E+000  -2.31894911E+000   2.31894911E+000   2.31894911E+000
 1.27064066E+000  -2.30415175E+000  -2.30415175E+000   2.30415175E+000   2.30415175E+000
 1.27490456E+000  -2.28923885E+000  -2.28923885E+000   2.28923885E+000   2.28923885E+000
 1.27916845E+000  -2.27421257E+000  -2.27421257E+000   2.27421257E+000   2.27421257E+000
 1.28343235E+000  -2.25907514E+000  -2.25907514E+000   2.25907514E+000   2.25907514E+000
 1.28769624E+000  -2.24382879E+000  -2.24382879E+000   2.24382879E+000   2.24382879E+000
 1.29196014E+000  -2.22847584E+000  -2.22847584E+000   2.22847584E+000   2.22847584E+000
 1.29622403E+000  -2.21301863E+000  -2.21301863E+000   2.21301863E+000   2.21301863E+000
 1.30048793E+000  -2.19745957E+000  -2.19745957E+000   2.19745957E+000   2.19745957E+000
 1.30475182E+000  -2.18180112E+000  -2.18180112E+000   2.18180112E+000   2.18180112E+000
 1.30901572E+000  -2.16604579E+000  -2.16604579E+000   2.16604579E+000   2.16604579E+000
 1.31327961E+000  -2.15019613E+000  -2.15019613E+000   2.15019613E+000   2.15019613E+000
 1.31754351E+000  -2.13425476E+000  -2.13425476E+000   2.13425476E+000   2.13425476E+000
 1.32180740E+000  -2.11822438E+000  -2.11822438E+000   2.11822438E+000   2.11822438E+000
 1.32607130E+000  -2.10210772E+000  -2.10210772E+000   2.10210772E+000   2.10210772E+000
 1.33033519E+000  -2.08590758E+000  -2.08590758E+000   2.08590758E+000   2.08590758E+000
 1.33459909E+000  -2.06962684E+000  -2.06962684E+000   2.06962684E+000   2.06962684E+000
 1.33886298E+000  -2.05326842E+000  -2.05326842E+000   2.05326842E+000   2.05326842E+000
 1.34312688E+000  -2.03683535E+000  -2.03683535E+000   2.03683535E+000   2.03683535E+000
 1.34739077E+000  -2.02033069E+000  -2.02033069E+000   2.02033069E+000   2.02033069E+000
 1.35165467E+000  -2.00375761E+000  -2.00375761E+000   2.00375761E+000   2.00375761E+000
 1.35591856E+000  -1.98711933E+000  -1.98711933E+000   1.98711933E+000   1.98711933E+000
 1.36018246E+000  -1.97041917E+000  -1.97041917E+000   1.97041917E+000   1.97041917E+000
 1.36444635E+000  -1.95366053E+000  -1.95366053E+000   1.95366053E+000   1.95366053E+000
 1.36871025E+000  -1.93684688E+000  -1.93684688E+000   1.93684688E+000   1.93684688E+000
 1.37297414E+000  -1.91998181E+000  -1.91998181E+000   1.91998181E+000   1.91998181E+000
 1.37723804E+000  -1.90306899E+000  -1.90306899E+000   1.90306899E+000   1.90306899E+000
 1.38150193E+000  -1.88611217E+000  -1.88611217E+000   1.88611217E+000   1.88611217E+000
 1.38576583E+000  -1.86911523E+000  -1.86911523E+000   1.86911523E+000   1.86911523E+000
 1.39002972E+000  -1.85208214E+000  -1.85208214E+000   1.85208214E+000   1.85208214E+000
 1.39429362E+000  -1.83501699E+000  -1.83501699E+000   1.83501699E+000   1.83501699E+000
 1.39855751E+000  -1.81792396E+000  -1.81792396E+000   1.81792396E+000   1.81792396E+000
 1.40282141E+000  -1.80080737E+000  -1.80080737E+000   1.80080737E+000   1.80080737E+000
 1.40708530E+000  -1.78367167E+000  -1.78367167E+000   1.78367167E+000   1.78367167E+000
 1.41134919E+000  -1.76652141E+000  -1.76652141E+000   1.76652141E+000   1.76652141E+000
 1.41561309E+000  -1.74936130E+000  -1.74936130E+000   1.74936130E+000   1.74936130E+000
 1.41987698E+000  -1.73219618E+000  -1.73219618E+000   1.73219618E+000   1.73219618E+000
 1.42414088E+000  -1.71503102E+000  -1.71503102E+000   1.71503102E+000   1.71503102E+000
 1.42840477E+000  -1.69787097E+000  -1.69787097E+000   1.69787097E+000   1.69787097E+000
 1.43266867E+000  -1.68072132E+000  -1.68072132E+000   1.68072132E+000   1.68072132E+000
 1.43693256E+000  -1.66358751E+000  -1.66358751E+000   1.66358751E+000   1.66358751E+000
 1.44119646E+000  -1.64647517E+000  -1.64647517E+000   1.64647517E+000   1.64647517E+000
 1.44546035E+000  -1.62939009E+000  -1.62939009E+000   1.62939009E+000   1.62939009E+000
 1.44972425E+000  -1.61233827E+000  -1.61233827E+000   1.61233827E+000   1.61233827E+000
 1.45398814E+000  -1.59532586E+000  -1.59532586E+000   1.59532586E+000   1.59532586E+000
 1.45825204E+000  -1.57835924E+000  -1.57835924E+000   1.57835924E+000   1.57835924E+000
 1.46251593E+000  -1.56144498E+000  -1.56144498E+000   1.56144498E+000   1.56144498E+000
 1.46677983E+000  -1.54458987E+000  -1.54458987E+000   1.54458987E+000   1.54458987E+000
 1.47104372E+000  -1.52780091E+000  -1.52780091E+000   1.52780091E+000   1.52780091E+000
 1.47530762E+000  -1.51108534E+000  -1.51108534E+000   1.51108534E+000   1.51108534E+000
 1.47957151E+000  -1.49445062E+000  -1.49445062E+000   1.49445062E+000   1.49445062E+000
 1.48383541E+000  -1.47790448E+000  -1.47790448E+000   1.47790448E+000   1.47790448E+000
 1.48809930E+000  -1.46145487E+000  -1.46145487E+000   1.46145487E+000   1.46145487E+000
 1.49236320E+000  -1.44511004E+000  -1.44511004E+000   1.44511004E+000   1.44511004E+000
 1.49662709E+000  -1.42887845E+000  -1.42887845E+000   1.42887845E+000   1.42887845E+000
 1.50089099E+000  -1.41276890E+000  -1.41276890E+000   1.41276890E+000   1.41276890E+000
 1.50515488E+000  -1.39679042E+000  -1.39679042E+000   1.39679042E+000   1.39679042E+000
 1.50941878E+000  -1.38095236E+000  -1.38095236E+000   1.38095236E+000   1.38095236E+000
 1.51368267E+000  -1.36526436E+000  -1.36526436E+000   1.36526436E+000   1.36526436E+000
 1.51794657E+000  -1.34973634E+000  -1.34973634E+000   1.34973634E+000   1.34973634E+000
 1.52221046E+000  -1.33437854E+000  -1.33437854E+000   1.33437854E+000   1.33437854E+000
 1.52647436E+000  -1.31920152E+000  -1.31920152E+000   1.31920152E+000   1.31920152E+000
 1.53073825E+000  -1.30421614E+000  -1.30421614E+000   1.30421614E+000   1.30421614E+000
 1.53500215E+000  -1.28943357E+000  -1.28943357E+000   1.28943357E+000   1.28943357E+000
 1.53926604E+000  -1.27486529E+000  -1.27486529E+000   1.27486529E+000   1.27486529E+000
 1.54352994E+000  -1.26052311E+000  -1.26052311E+000   1.26052311E+000   1.26052311E+000
 1.54779383E+000  -1.24641912E+000  -1.24641912E+000   1.24641912E+000   1.24641912E+000
 1.55205772E+000  -1.23256573E+000  -1.23256573E+000   1.23256573E+000   1.23256573E+000
 1.55632162E+000  -1.21897563E+000  -1.21897563E+000   1.21897563E+000   1.21897563E+000
 1.56058551E+000  -1.20566180E+000  -1.20566180E+000   1.20566180E+000   1.20566180E+000
 1.56484941E+000  -1.19263748E+000  -1.19263748E+000   1.19263748E+000   1.19263748E+000
 1.56911330E+000  -1.17991616E+000  -1.17991616E+000   1.17991616E+000   1.17991616E+000
 1.57337720E+000  -1.16751154E+000  -1.16751154E+000   1.16751154E+000   1.16751154E+000
 1.57764109E+000  -1.15543755E+000  -1.15543755E+000   1.15543755E+000   1.15543755E+000
 1.58190499E+000  -1.14370826E+000  -1.14370826E+000   1.14370826E+000   1.14370826E+000
 1.58616888E+000  -1.13233790E+000  -1.13233790E+000   1.13233790E+000   1.13233790E+000
 1.59043278E+000  -1.12134079E+000  -1.12134079E+000   1.12134079E+000   1.12134079E+000
 1.59469667E+000  -1.11073130E+000  -1.11073130E+000   1.11073130E+000   1.11073130E+000
 1.59896057E+000  -1.10052380E+000  -1.10052380E+000   1.10052380E+000   1.10052380E+000
 1.60322446E+000  -1.09073265E+000  -1.09073265E+000   1.09073265E+000   1.09073265E+000
 1.60748836E+000  -1.08137206E+000  -1.08137206E+000   1.08137206E+000   1.08137206E+000
 1.61175225E+000  -1.07245611E+000  -1.07245611E+000   1.07245611E+000   1.07245611E+000
 1.61601615E+000  -1.06399864E+000  -1.06399864E+000   1.06399864E+000   1.06399864E+000
 1.62028004E+000  -1.05601317E+000  -1.05601317E+000   1.05601317E+000   1.05601317E+000
 1.62454394E+000  -1.04851288E+000  -1.04851288E+000   1.04851288E+000   1.04851288E+000
 1.62880783E+000  -1.04151047E+000  -1.04151047E+000   1.04151047E+000   1.04151047E+000
 1.63307173E+000  -1.03501814E+000  -1.03501814E+000   1.03501814E+000   1.03501814E+000
 1.63733562E+000  -1.02904747E+000  -1.02904747E+000   1.02904747E+000   1.02904747E+000
 1.64159952E+000  -1.02360936E+000  -1.02360936E+000   1.02360936E+000   1.02360936E+000
 1.64586341E+000  -1.01871396E+000  -1.01871396E+000   1.01871396E+000   1.01871396E+000
 1.65012731E+000  -1.01437058E+000  -1.01437058E+000   1.01437058E+000   1.01437058E+000
 1.65439120E+000  -1.01058762E+000  -1.01058762E+000   1.01058762E+000   1.01058762E+000
 1.65865510E+000  -1.00737251E+000  -1.00737251E+000   1.00737251E+000   1.00737251E+000
 1.66291899E+000  -1.00473166E+000  -1.00473166E+000   1.00473166E+000   1.00473166E+000
 1.66718289E+000  -1.00267038E+000  -1.00267038E+000   1.00267038E+000   1.00267038E+000
 1.67144678E+000  -1.00119287E+000  -1.00119287E+000   1.00119287E+000   1.00119287E+000
 1.67571068E+000  -1.00030215E+000  -1.00030215E+000   1.00030215E+000   1.00030215E+000
 1.67997457E+000  -1.00000000E+000  -1.00000000E+000   1.00000000E+000   1.00000000E+000
 1.68423847E+000  -9.99901777E-001  -9.99901777E-001   9.99901777E-001   9.99901777E-001
 1.68850236E+000  -9.99607118E-001  -9.99607118E-001   9.99607118E-001   9.99607118E-001
 1.69276625E+000  -9.99116052E-001  -9.99116052E-001   9.99116052E-001   9.99116052E-001
 1.69703015E+000  -9.98428628E-001  -9.98428628E-001   9.98428628E-001   9.98428628E-001
 1.70129404E+000  -9.97544911E-001  -9.97544911E-001   9.97544911E-001   9.97544911E-001
 1.70555794E+000  -9.96464991E-001  -9.96464991E-001   9.96464991E-001   9.96464991E-001
 1.70982183E+000  -9.95188972E-001  -9.95188972E-001   9.95188972E-001   9.95188972E-001
 1.71408573E+000  -9.93716980E-001  -9.93716980E-001   9.93716980E-001   9.93716980E-001
 1.71834962E+000  -9.92049159E-001  -9.92049159E-001   9.92049159E-001   9.92049159E-001
 1.72261352E+000  -9.90185673E-001  -9.90185673E-001   9.90185673E-001   9.90185673E-001
 1.72687741E+000  -9.88126706E-001  -9.88126706E-001   9.88126706E-001   9.88126706E-001
 1.73114131E+000  -9.85872460E-001  -9.85872460E-001   9.85872460E-001   9.85872460E-001
 1.73540520E+000  -9.83423155E-001  -9.83423155E-001   9.83423155E-001   9.83423155E-001
 1.73966910E+000  -9.80779033E-001  -9.80779033E-001   9.80779033E-001   9.80779033E-001
 1.74393299E+000  -9.77940353E-001  -9.77940353E-001   9.77940353E-001   9.77940353E-001
 1.74819689E+000  -9.74907394E-001  -9.74907394E-001   9.74907394E-001   9.74907394E-001
 1.75246078E+000  -9.71680455E-001  -9.71680455E-001   9.71680455E-001   9.71680455E-001
 1.75672468E+000  -9.68259851E-001  -9.68259851E-001   9.68259851E-001   9.68259851E-001
 1.76098857E+000  -9.64645919E-001  -9.64645919E-001   9.64645919E-001   9.64645919E-001
 1.76525247E+000  -9.60839014E-001  -9.60839014E-001   9.60839014E-001   9.60839014E-001
 1.76951636E+000  -9.56839510E-001  -9.56839510E-001   9.56839510E-001   9.56839510E-001
 1.77378026E+000  -9.52647800E-001  -9.52647800E-001   9.52647800E-001   9.52647800E-001
 1.77804415E+000  -9.48264295E-001  -9.48264295E-001   9.48264295E-001   9.48264295E-001
 1.78230805E+000  -9.43689426E-001  -9.43689426E-001   9.43689426E-001   9.43689426E-001
 1.78657194E+000  -9.38923642E-001  -9.38923642E-001   9.38923642E-001   9.38923642E-001
 1.79083584E+000  -9.33967412E-001  -9.33967412E-001   9.33967412E-001   9.33967412E-001
 1.79509973E+000  -9.28821222E-001  -9.28821222E-001   9.28821222E-001   9.28821222E-001
 1.79936363E+000  -9.23485577E-001  -9.23485577E-001   9.23485577E-001   9.23485577E-001
 1.80362752E+000  -9.17961003E-001  -9.17961003E-001   9.17961003E-001   9.17961003E-001
 1.80789142E+000  -9.12248041E-001  -9.12248041E-001   9.12248041E-001   9.12248041E-001
 1.81215531E+000  -9.06347252E-001  -9.06347252E-001   9.06347252E-001   9.06347252E-001
 1.81641921E+000  -9.00259217E-001  -9.00259217E-001   9.00259217E-001   9.00259217E-001
 1.82068310E+000  -8.93984533E-001  -8.93984533E-001   8.93984533E-001   8.93984533E-001
 1.82494700E+000  -8.87523816E-001  -8.87523816E-001   8.87523816E-001   8.87523816E-001
 1.82921089E+000  -8.80877701E-001  -8.80877701E-001   8.80877701E-001   8.80877701E-001
 1.83347478E+000  -8.74046841E-001  -8.74046841E-001   8.74046841E-001   8.74046841E-001
 1.83773868E+000  -8.67031907E-001  -8.67031907E-001   8.67031907E-001   8.67031907E-001
 1.84200257E+000  -8.59833588E-001  -8.59833588E-001   8.59833588E-001   8.59833588E-001
 1.84626647E+000  -8.52452591E-001  -8.52452591E-001   8.52452591E-001   8.52452591E-001
 1.85053036E+000  -8.44889640E-001  -8.44889640E-001   8.44889640E-001   8.44889640E-001
 1.85479426E+000  -8.37145479E-001  -8.37145479E-001   8.37145479E-001   8.37145479E-001
 1.85905815E+000  -8.29220869E-001  -8.29220869E-001   8.29220869E-001   8.29220869E-001
 1.86332205E+000  -8.21116587E-001  -8.21116587E-001   8.21116587E-001   8.21116587E-001
 1.86758594E+000  -8.12833430E-001  -8.12833430E-001   8.12833430E-001   8.12833430E-001
 1.87184984E+000  -8.04372212E-001  -8.04372212E-001   8.04372212E-001   8.04372212E-001
 1.87611373E+000  -7.95733763E-001  -7.95733763E-001   7.95733763E-001   7.95733763E-001
 1.88037763E+000  -7.86918932E-001  -7.86918932E-001   7.86918932E-001   7.86918932E-001
 1.88464152E+000  -7.77928584E-001  -7.77928584E-001   7.77928584E-001   7.77928584E-001
 1.88890542E+000  -7.68763604E-001  -7.68763604E-001   7.68763604E-001   7.68763604E-001
 1.89316931E+000  -7.59424890E-001  -7.59424890E-001   7.59424890E-001   7.59424890E-001
 1.89743321E+000  -7.49913361E-001  -7.49913361E-001   7.49913361E-001   7.49913361E-001
 1.90169710E+000  -7.40229950E-001  -7.40229950E-001   7.40229950E-001   7.40229950E-001
 1.90596100E+000  -7.30375609E-001  -7.30375609E-001   7.30375609E-001   7.30375609E-001
 1.91022489E+000  -7.20351306E-001  -7.20351306E-001   7.20351306E-001   7.20351306E-001
 1.91448879E+000  -7.10158024E-001  -7.10158024E-001   7.10158024E-001   7.10158024E-001
 1.91875268E+000  -6.99796767E-001  -6.99796767E-001   6.99796767E-001   6.99796767E-001
 1.92301658E+000  -6.89268550E-001  -6.89268550E-001   6.89268550E-001   6.89268550E-001
 1.92728047E+000  -6.78574409E-001  -6.78574409E-001   6.78574409E-001   6.78574409E-001
 1.93154437E+000  -6.67715393E-001  -6.67715393E-001   6.67715393E-001   6.67715393E-001
 1.93580826E+000  -6.56692569E-001  -6.56692569E-001   6.56692569E-001   6.56692569E-001
 1.94007216E+000  -6.45507021E-001  -6.45507021E-001   6.45507021E-001   6.45507021E-001
 1.94433605E+000  -6.34159846E-001  -6.34159846E-001   6.34159846E-001   6.34159846E-001
 1.94859995E+000  -6.22652159E-001  -6.22652159E-001   6.22652159E-001   6.22652159E-001
 1.95286384E+000  -6.10985091E-001  -6.10985091E-001   6.10985091E-001   6.10985091E-001
 1.95712774E+000  -5.99159787E-001  -5.99159787E-001   5.99159787E-001   5.99159787E-001
 1.96139163E+000  -5.87177410E-001  -5.87177410E-001   5.87177410E-001   5.87177410E-001
 1.96565553E+000  -5.75039135E-001  -5.75039135E-001   5.75039135E-001   5.75039135E-001
 1.96991942E+000  -5.62746155E-001  -5.62746155E-001   5.62746155E-001   5.62746155E-001
 1.97418331E+000  -5.50299678E-001  -5.50299678E-001   5.50299678E-001   5.50299678E-001
 1.97844721E+000  -5.37700927E-001  -5.37700927E-001   5.37700927E-001   5.37700927E-001
 1.98271110E+000  -5.24951137E-001  -5.24951137E-001   5.24951137E-001   5.24951137E-001
 1.98697500E+000  -5.12051563E-001  -5.12051563E-001   5.12051563E-001   5.12051563E-001
 1.99123889E+000  -4.99003471E-001  -4.99003471E-001   4.99003471E-001   4.99003471E-001
 1.99550279E+000  -4.85808143E-001  -4.85808143E-001   4.85808143E-001   4.85808143E-001
 1.99976668E+000  -4.72466874E-001  -4.72466874E-001   4.72466874E-001   4.72466874E-001
 2.00403058E+000  -4.58980975E-001  -4.58980975E-001   4.58980975E-001   4.58980975E-001
 2.00829447E+000  -4.45351771E-001  -4.45351771E-001   4.45351771E-001   4.45351771E-001
 2.01255837E+000  -4.31580601E-001  -4.31580601E-001   4.31580601E-001   4.31580601E-001
 2.01682226E+000  -4.17668816E-001  -4.17668816E-001   4.17668816E-001   4.17668816E-001
 2.02108616E+000  -4.03617785E-001  -4.03617785E-001   4.03617785E-001   4.03617785E-001
 2.02535005E+000  -3.89428886E-001  -3.89428886E-001   3.89428886E-001   3.89428886E-001
 2.02961395E+000  -3.75103513E-001  -3.75103513E-001   3.75103513E-001   3.75103513E-001
 2.03387784E+000  -3.60643073E-001  -3.60643073E-001   3.60643073E-001   3.60643073E-001
 2.03814174E+000  -3.46048988E-001  -3.46048988E-001   3.46048988E-001   3.46048988E-001
 2.04240563E+000  -3.31322689E-001  -3.31322689E-001   3.31322689E-001   3.31322689E-001
 2.04666953E+000  -3.16465625E-001  -3.16465625E-001   3.16465625E-001   3.16465625E-001
 2.05093342E+000  -3.01479253E-001  -3.01479253E-001   3.01479253E-001   3.01479253E-001
 2.05519732E+000  -2.86365047E-001  -2.86365047E-001   2.86365047E-001   2.86365047E-001
 2.05946121E+000  -2.71124490E-001  -2.71124490E-001   2.71124490E-001   2.71124490E-001
 2.06372511E+000  -2.55759079E-001  -2.55759079E-001   2.55759079E-001   2.55759079E-001
 2.06798900E+000  -2.40270325E-001  -2.40270325E-001   2.40270325E-001   2.40270325E-001
 2.07225290E+000  -2.24659747E-001  -2.24659747E-001   2.24659747E-001   2.24659747E-001
 2.07651679E+000  -2.08928880E-001  -2.08928880E-001   2.08928880E-001   2.08928880E-001
 2.08078069E+000  -1.93079268E-001  -1.93079268E-001   1.93079268E-001   1.93079268E-001
 2.08504458E+000  -1.77112469E-001  -1.77112469E-001   1.77112469E-001   1.77112469E-001
 2.08930848E+000  -1.61030051E-001  -1.61030051E-001   1.61030051E-001   1.61030051E-001
 2.09357237E+000  -1.44833593E-001  -1.44833593E-001   1.44833593E-001   1.44833593E-001
 2.09783627E+000  -1.28524686E-001  -1.28524686E-001   1.28524686E-001   1.28524686E-001
 2.10210016E+000  -1.12104932E-001  -1.12104932E-001   1.12104932E-001   1.12104932E-001
 2.10636406E+000  -9.55759440E-002  -9.55759440E-002   9.55759440E-002   9.55759440E-002
 2.11062795E+000  -7.89393455E-002  -7.89393455E-002   7.89393455E-002   7.89393455E-002
 2.11489184E+000  -6.21967705E-002  -6.21967705E-002   6.21967705E-002   6.21967705E-002
 2.11915574E+000  -4.53498635E-002  -4.53498635E-002   4.53498635E-002   4.53498635E-002
 2.12341963E+000  -2.84002793E-002  -2.84002793E-002   2.84002793E-002   2.84002793E-002
 2.12768353E+000  -1.13496828E-002  -1.13496828E-002   1.13496828E-002   1.13496828E-002
 2.13194742E+000  -5.80025145E-003  -5.80025145E-003   5.80025145E-003   5.80025145E-003
