#   4  200
#   G   0.000000000E+00
#   X   6.649836969E-01
#   M   1.329967394E+00
#   G   2.270396357E+00
# Ef    6.757060666E-01
# dble((kount-1._dp)*deltak), (eval(i),i=1,dimHsc)
# dimHsc    18
 0.00000000E+000  -4.77496262E+000  -4.50769426E+000  -3.36270263E+000  -1.87570768E+000  -1.13448602E+000  -9.86122846E-001  -8.82387209E-001  -7.08267359E-001   1.10450626E-001   1.24756100E+000   1.24756100E+000   1.27082736E+000   1.35207979E+000   1.54868285E+000   4.86508200E+000   4.86508200E+000   4.86508200E+000   4.86508200E+000
 1.13519818E-002  -4.77252373E+000  -4.50519060E+000  -3.36195304E+000  -1.87506861E+000  -1.13390687E+000  -9.87141566E-001  -8.83291194E-001  -7.08920563E-001   1.10841093E-001   1.21481879E+000   1.25067442E+000   1.29170290E+000   1.36502613E+000   1.54803905E+000   4.86436257E+000   4.86459638E+000   4.86508229E+000   4.86508229E+000
 2.27039636E-002  -4.76533972E+000  -4.49782875E+000  -3.35970446E+000  -1.87318373E+000  -1.13219011E+000  -9.90310136E-001  -8.85852915E-001  -7.10877784E-001   1.12017710E-001   1.16929035E+000   1.25999938E+000   1.30441086E+000   1.40109458E+000   1.54611120E+000   4.86237332E+000   4.86329329E+000   4.86508312E+000   4.86508314E+000
 3.40559454E-002  -4.75378226E+000  -4.48602539E+000  -3.35595747E+000  -1.87014202E+000  -1.12940372E+000  -9.95940460E-001  -8.89640193E-001  -7.14131859E-001   1.13998252E-001   1.12232311E+000   1.27548828E+000   1.30917066E+000   1.44874424E+000   1.54291042E+000   4.85958586E+000   4.86159929E+000   4.86508442E+000   4.86508447E+000
 4.54079271E-002  -4.73838808E+000  -4.47037844E+000  -3.35071293E+000  -1.86606722E+000  -1.12568646E+000  -1.00444541E+000  -8.94011542E-001  -7.18670896E-001   1.16818053E-001   1.07519221E+000   1.29705603E+000   1.31153659E+000   1.50118547E+000   1.53845708E+000   4.85667491E+000   4.86011695E+000   4.86508608E+000   4.86508615E+000
 5.67599089E-002  -4.71975209E+000  -4.45154202E+000  -3.34397118E+000  -1.86108783E+000  -1.12131496E+000  -1.01611864E+000  -8.98265983E-001  -7.24478344E-001   1.20534193E-001   1.02830503E+000   1.31318042E+000   1.32457067E+000   1.53278560E+000   1.55638834E+000   4.85437538E+000   4.85948706E+000   4.86508793E+000   4.86508803E+000
 6.81118907E-002  -4.69840853E+000  -4.43008733E+000  -3.33573013E+000  -1.85530745E+000  -1.11690641E+000  -1.03073944E+000  -9.01832346E-001  -7.31533086E-001   1.25224556E-001   9.81846472E-001   1.31461904E+000   1.35783469E+000   1.52595878E+000   1.61370397E+000   4.85332570E+000   4.86023965E+000   4.86508982E+000   4.86508992E+000
 7.94638725E-002  -4.67472434E+000  -4.40637775E+000  -3.32598167E+000  -1.84878364E+000  -1.11408504E+000  -1.04678493E+000  -9.04388954E-001  -7.39809567E-001   1.30978820E-001   9.35932677E-001   1.31604347E+000   1.39652767E+000   1.51812267E+000   1.67287581E+000   4.85393017E+000   4.86266662E+000   4.86509157E+000   4.86509165E+000
 9.08158543E-002  -4.64882655E+000  -4.38048410E+000  -3.31470640E+000  -1.84152123E+000  -1.11722045E+000  -1.05970888E+000  -9.05847814E-001  -7.49277944E-001   1.37881653E-001   8.90657926E-001   1.31753488E+000   1.43987289E+000   1.50984044E+000   1.73377117E+000   4.85626914E+000   4.86509301E+000   4.86509307E+000   4.86674346E+000
 1.02167836E-001  -4.62057946E+000  -4.35215779E+000  -3.30186710E+000  -1.83348094E+000  -1.13223667E+000  -1.06323673E+000  -9.06255696E-001  -7.59904261E-001   1.45992086E-001   8.46107670E-001   1.31913089E+000   1.48086766E+000   1.50786632E+000   1.79629742E+000   4.86007471E+000   4.86509402E+000   4.86509404E+000   4.87211600E+000
 1.13519818E-001  -4.58961738E+000  -4.32086799E+000  -3.28740155E+000  -1.82459915E+000  -1.15774398E+000  -1.05833953E+000  -9.05698109E-001  -7.71650652E-001   1.55325415E-001   8.02358567E-001   1.32084946E+000   1.48215590E+000   1.54928111E+000   1.86037548E+000   4.86477509E+000   4.86509450E+000   4.86509450E+000   4.87815332E+000
 1.24871800E-001  -4.55542765E+000  -4.28589462E+000  -3.27121566E+000  -1.81481125E+000  -1.18916206E+000  -1.04918274E+000  -9.04240837E-001  -7.84475568E-001   1.65843877E-001   7.59473400E-001   1.32269864E+000   1.47080800E+000   1.60672380E+000   1.92593478E+000   4.86509439E+000   4.86509440E+000   4.86959582E+000   4.88405336E+000
 1.36223781E-001  -4.51746857E+000  -4.24645851E+000  -3.25317739E+000  -1.80407074E+000  -1.22411449E+000  -1.03777670E+000  -9.01900784E-001  -7.98334011E-001   1.77459606E-001   7.17494662E-001   1.32468102E+000   1.45747009E+000   1.66925635E+000   1.99291746E+000   4.86509370E+000   4.86509379E+000   4.87369529E+000   4.88897833E+000
 1.47575763E-001  -4.47530008E+000  -4.20186275E+000  -3.23311222E+000  -1.79235912E+000  -1.26148664E+000  -1.02495206E+000  -8.98628712E-001  -8.13177802E-001   1.90049380E-001   6.76439051E-001   1.32679595E+000   1.44290694E+000   1.73583604E+000   2.06128647E+000   4.86509246E+000   4.86509275E+000   4.87630755E+000   4.89219357E+000
 1.58927745E-001  -4.42870294E+000  -4.15161932E+000  -3.21080072E+000  -1.77968564E+000  -1.30063469E+000  -1.01118256E+000  -8.94291830E-001  -8.28955837E-001   2.03477132E-001   6.36294273E-001   1.32904065E+000   1.42731567E+000   1.80601706E+000   2.13103459E+000   4.86509076E+000   4.86509141E+000   4.87686719E+000   4.89318572E+000
 1.70279727E-001  -4.37776488E+000  -4.09553958E+000  -3.18597951E+000  -1.76607952E+000  -1.34112077E+000  -9.96882938E-001  -8.88652000E-001  -8.45614365E-001   2.17618330E-001   5.97018938E-001   1.33141094E+000   1.41079818E+000   1.87949202E+000   2.20219249E+000   4.86508871E+000   4.86508995E+000   4.87509738E+000   4.89174325E+000
 1.81631709E-001  -4.32291848E+000  -4.03377537E+000  -3.15834723E+000  -1.75157912E+000  -1.38262061E+000  -9.82527762E-001  -8.81346841E-001  -8.63097257E-001   2.32380497E-001   5.58545815E-001   1.33390159E+000   1.39343091E+000   1.95603385E+000   2.27483454E+000   4.86508644E+000   4.86508857E+000   4.87105090E+000   4.88799023E+000
 1.92983690E-001  -4.26492377E+000  -3.96680710E+000  -3.12757757E+000  -1.73622224E+000  -1.42488472E+000  -9.68681721E-001  -8.81346272E-001  -8.71902079E-001   2.47715797E-001   5.20788195E-001   1.33650660E+000   1.37528200E+000   2.03548662E+000   2.34908129E+000   4.86508408E+000   4.86508746E+000   4.86510207E+000   4.88237238E+000
 2.04335672E-001  -4.20479784E+000  -3.89538358E+000  -3.09334077E+000  -1.72004007E+000  -1.46771743E+000  -9.55929114E-001  -9.00301316E-001  -8.59823380E-001   2.63623874E-001   4.83648724E-001   1.33921936E+000   1.35641695E+000   2.11776402E+000   2.42509831E+000   4.85789476E+000   4.86508176E+000   4.86508682E+000   4.87560103E+000
 2.15687654E-001  -4.14370188E+000  -3.82042511E+000  -3.05533270E+000  -1.70305556E+000  -1.51096244E+000  -9.44703184E-001  -9.19900695E-001  -8.44778443E-001   2.80145407E-001   4.47029697E-001   1.33690059E+000   1.34203280E+000   2.20284679E+000   2.50309100E+000   4.85025630E+000   4.86507958E+000   4.86508680E+000   4.86856439E+000
 2.27039636E-001  -4.08280436E+000  -3.74290555E+000  -3.01330714E+000  -1.68528497E+000  -1.55449111E+000  -9.40081352E-001  -9.35132081E-001  -8.26756081E-001   2.97348406E-001   4.10843681E-001   1.31679796E+000   1.34493942E+000   2.29077648E+000   2.58329560E+000   4.84308964E+000   4.86221884E+000   4.86507761E+000   4.86508754E+000
 2.38391617E-001  -4.02314446E+000  -3.66373086E+000  -2.96710241E+000  -1.66674057E+000  -1.59819231E+000  -9.60779108E-001  -9.27051120E-001  -8.06053055E-001   3.15310233E-001   3.75023256E-001   1.29617456E+000   1.34793143E+000   2.38164501E+000   2.66596657E+000   4.83725775E+000   4.85747307E+000   4.86507590E+000   4.86508910E+000
 2.49743599E-001  -3.96552181E+000  -3.58363070E+000  -2.91665109E+000  -1.64743253E+000  -1.64196387E+000  -9.81928879E-001  -9.20152665E-001  -7.83116880E-001   3.34098468E-001   3.39528814E-001   1.27509638E+000   1.35100071E+000   2.47557996E+000   2.75136108E+000   4.83347339E+000   4.85507819E+000   4.86507442E+000   4.86509149E+000
 2.61095581E-001  -3.91043393E+000  -3.50307743E+000  -2.86196399E+000  -1.68570572E+000  -1.62736837E+000  -1.00346491E+000  -9.14125930E-001  -7.58392141E-001   3.04353573E-001   3.53753431E-001   1.25362982E+000   1.35413892E+000   2.57272578E+000   2.83972088E+000   4.83220658E+000   4.85553567E+000   4.86507314E+000   4.86509469E+000
 2.72447563E-001  -3.85807128E+000  -3.42224226E+000  -2.80308741E+000  -1.72931504E+000  -1.60654957E+000  -1.02532098E+000  -9.08719757E-001  -7.32238255E-001   2.69525304E-001   3.74274573E-001   1.23184158E+000   1.35733748E+000   2.67322182E+000   2.93125270E+000   4.83361998E+000   4.85903324E+000   4.86507200E+000   4.86509859E+000
 2.83799545E-001  -3.80836530E+000  -3.34099353E+000  -2.74004412E+000  -1.77268362E+000  -1.58496544E+000  -1.04743063E+000  -9.03750646E-001  -7.04898875E-001   2.35104604E-001   3.95612276E-001   1.20979845E+000   1.36058759E+000   2.77717791E+000   3.02610763E+000   4.83753948E+000   4.86507090E+000   4.86510308E+000   4.86541594E+000
 2.95151526E-001  -3.76107236E+000  -3.25893678E+000  -2.67277686E+000  -1.81569733E+000  -1.56258421E+000  -1.06972738E+000  -8.99090413E-001  -6.76492210E-001   2.01179923E-001   4.17666015E-001   1.18756711E+000   1.36388028E+000   2.88464881E+000   3.12436053E+000   4.84346382E+000   4.86506975E+000   4.86510799E+000   4.87419658E+000
 3.06503508E-001  -3.71587106E+000  -3.17549113E+000  -2.60111586E+000  -1.85823759E+000  -1.53934074E+000  -1.09214495E+000  -8.94651265E-001  -6.47008513E-001   1.67859875E-001   4.40289195E-001   1.16521399E+000   1.36720638E+000   2.99560861E+000   3.22599036E+000   4.85061282E+000   4.86506846E+000   4.86511313E+000   4.88460514E+000
 3.17855490E-001  -3.67245182E+000  -3.08999281E+000  -2.52478770E+000  -1.90018448E+000  -1.51511882E+000  -1.11461744E+000  -8.90373792E-001  -6.16312639E-001   1.35263630E-001   4.63300340E-001   1.14280503E+000   1.37055659E+000   3.10992689E+000   3.33086241E+000   4.85800959E+000   4.86506695E+000   4.86511832E+000   4.89567279E+000
 3.29207472E-001  -3.63058339E+000  -3.00181327E+000  -2.44347539E+000  -1.94142079E+000  -1.48972414E+000  -1.13707960E+000  -8.86218444E-001  -5.84153125E-001   1.03510386E-001   4.86499481E-001   1.12040548E+000   1.37392147E+000   3.22734772E+000   3.43871328E+000   4.86458796E+000   4.86506517E+000   4.86512339E+000   4.90634156E+000
 3.40559454E-001  -3.59014783E+000  -2.91047829E+000  -2.35693242E+000  -1.98183640E+000  -1.46284231E+000  -1.15946698E+000  -8.82159725E-001  -5.50179028E-001   7.27090113E-002   5.09687850E-001   1.09807976E+000   1.37729146E+000   3.34747316E+000   3.54913972E+000   4.86506313E+000   4.86512819E+000   4.86931328E+000   4.91558780E+000
 3.51911435E-001  -3.55114291E+000  -2.81577351E+000  -2.26514721E+000  -2.02133177E+000  -1.43397396E+000  -1.18171612E+000  -8.78182233E-001  -5.13964709E-001   4.29489657E-002   5.32688311E-001   1.07589123E+000   1.38065694E+000   3.46975245E+000   3.66159195E+000   4.86506085E+000   4.86513258E+000   4.87130333E+000   4.92254576E+000
 3.63263417E-001  -3.51365706E+000  -2.71782374E+000  -2.16855124E+000  -2.05981888E+000  -1.40233647E+000  -1.20376473E+000  -8.74277890E-001  -4.75042094E-001   1.42934700E-002   5.55363716E-001   1.05390208E+000   1.38400822E+000   3.59347778E+000   3.77537245E+000   4.86505839E+000   4.86513648E+000   4.86993535E+000   4.92661719E+000
 3.74615399E-001  -3.47782781E+000  -2.61713720E+000  -2.09721594E+000  -2.06826057E+000  -1.36672233E+000  -1.22555165E+000  -8.70443931E-001  -4.32939832E-001  -1.32243149E-002   5.77630563E-001   1.03217316E+000   1.38733561E+000   3.71778766E+000   3.88964066E+000   4.86492723E+000   4.86505587E+000   4.86513982E+000   4.92755468E+000
 3.85967381E-001  -3.44379655E+000  -2.51461871E+000  -2.13342360E+000  -1.96632552E+000  -1.32531988E+000  -1.24701602E+000  -8.66681365E-001  -3.87228570E-001  -3.96016755E-002   5.99465988E-001   1.01076383E+000   1.39062946E+000   3.84167806E+000   4.00342421E+000   4.85638329E+000   4.86505341E+000   4.86514258E+000   4.92550878E+000
 3.97319362E-001  -3.41167145E+000  -2.41161354E+000  -2.16821841E+000  -1.86590227E+000  -1.27562917E+000  -1.26803478E+000  -8.62993778E-001  -3.37570625E-001  -6.48632607E-002   6.20907059E-001   9.89731868E-001   1.39388016E+000   3.96402172E+000   4.11563685E+000   4.84479853E+000   4.86505117E+000   4.86514476E+000   4.92103300E+000
 4.08671344E-001  -3.38150530E+000  -2.31066474E+000  -2.20038599E+000  -1.77110099E+000  -1.28877669E+000  -1.21423423E+000  -8.59386385E-001  -2.83769884E-001  -8.90548836E-002   6.42042434E-001   9.69133341E-001   1.39707818E+000   4.08359526E+000   4.22510342E+000   4.83102005E+000   4.86504928E+000   4.86514636E+000   4.91504470E+000
 4.20023326E-001  -3.35328963E+000  -2.24733502E+000  -2.19575718E+000  -1.68611289E+000  -1.30893964E+000  -1.13836640E+000  -8.55865273E-001  -2.25814072E-001  -1.12234919E-001   6.62997512E-001   9.49022514E-001   1.40021417E+000   4.19911365E+000   4.33059132E+000   4.81616782E+000   4.86504788E+000   4.86514742E+000   4.90874442E+000
 4.31375308E-001  -3.32696193E+000  -2.27216711E+000  -2.10509562E+000  -1.61363748E+000  -1.32856511E+000  -1.04655500E+000  -8.52436834E-001  -1.63897977E-001  -1.34464248E-001   6.83915094E-001   9.29451769E-001   1.40327891E+000   4.30927119E+000   4.43084829E+000   4.80152194E+000   4.86504710E+000   4.86514797E+000   4.90350025E+000
 4.42727290E-001  -3.30242079E+000  -2.30220626E+000  -2.01243980E+000  -1.55379193E+000  -1.34760010E+000  -9.40029479E-001  -8.49107331E-001  -1.55795715E-001  -9.84153750E-002   7.04934353E-001   9.10471540E-001   1.40626338E+000   4.41278754E+000   4.52464513E+000   4.78838637E+000   4.86504700E+000   4.86514802E+000   4.90070745E+000
 4.54079271E-001  -3.27954390E+000  -2.33182786E+000  -1.92418133E+000  -1.50464326E+000  -1.36599485E+000  -8.45882603E-001  -8.21961822E-001  -1.76263702E-001  -2.99119094E-002   7.26171516E-001   8.92130269E-001   1.40915881E+000   4.50845726E+000   4.61082138E+000   4.77794287E+000   4.86504764E+000   4.86514760E+000   4.90163649E+000
 4.65431253E-001  -3.25820514E+000  -2.36054808E+000  -1.84121691E+000  -1.46362778E+000  -1.38369934E+000  -8.42767880E-001  -6.95940480E-001  -1.95872874E-001   4.09983031E-002   7.47706202E-001   8.74474424E-001   1.41195667E+000   4.59520073E+000   4.68832649E+000   4.77111505E+000   4.86504901E+000   4.86514671E+000   4.90728437E+000
 4.76783235E-001  -3.23828832E+000  -2.38821245E+000  -1.76378031E+000  -1.42855569E+000  -1.40064054E+000  -8.39767691E-001  -5.64918732E-001  -2.14577947E-001   1.13735920E-001   7.69577925E-001   8.57548736E-001   1.41464874E+000   4.67211402E+000   4.75602501E+000   4.76868618E+000   4.86505106E+000   4.86514533E+000   4.91824454E+000
 4.88135217E-001  -3.21969650E+000  -2.41471852E+000  -1.69178675E+000  -1.41702144E+000  -1.39759834E+000  -8.36885881E-001  -4.30973824E-001  -2.32191266E-001   1.87851249E-001   7.91797209E-001   8.41397778E-001   1.41722711E+000   4.73851516E+000   4.76962621E+000   4.81432161E+000   4.86505373E+000   4.86514346E+000   4.93460986E+000
 4.99487198E-001  -3.20235680E+000  -2.43996875E+000  -1.62497402E+000  -1.43235731E+000  -1.37018533E+000  -8.34125710E-001  -2.97183177E-001  -2.46576098E-001   2.63076508E-001   8.14348378E-001   8.26099064E-001   1.41968421E+000   4.77471818E+000   4.79398396E+000   4.86152293E+000   4.86505822E+000   4.86514109E+000   4.95592057E+000
 5.10839180E-001  -3.18622110E+000  -2.46386131E+000  -1.56301201E+000  -1.44690030E+000  -1.34542805E+000  -8.31490064E-001  -2.67565651E-001  -1.53912824E-001   3.39300645E-001   8.11507802E-001   8.37514801E-001   1.42201286E+000   4.78236621E+000   4.83839239E+000   4.86505994E+000   4.86513826E+000   4.89806939E+000   4.98116622E+000
 5.22191162E-001  -3.17126355E+000  -2.48629138E+000  -1.50559082E+000  -1.46056608E+000  -1.32305458E+000  -8.28981777E-001  -2.81657368E-001  -1.43682089E-002   4.16431234E-001   7.97907717E-001   8.61351842E-001   1.42420625E+000   4.79107371E+000   4.86506357E+000   4.86513397E+000   4.87192360E+000   4.92412027E+000   5.00884588E+000
 5.33543144E-001  -3.15747590E+000  -2.50715641E+000  -1.47331692E+000  -1.45248216E+000  -1.30292012E+000  -8.26604064E-001  -2.95187079E-001   1.28321255E-001   4.94099600E-001   7.85210359E-001   8.86702827E-001   1.42625802E+000   4.79895615E+000   4.86506715E+000   4.86513052E+000   4.89507166E+000   4.94017922E+000   5.03708571E+000
 5.44895126E-001  -3.14486169E+000  -2.52636269E+000  -1.48512093E+000  -1.40356989E+000  -1.28496924E+000  -8.24361056E-001  -3.07577252E-001   2.74082623E-001   5.71151674E-001   7.73456218E-001   9.15065158E-001   1.42816226E+000   4.80393084E+000   4.86507059E+000   4.86512614E+000   4.90863939E+000   4.94705842E+000   5.06380694E+000
 5.56247107E-001  -3.13343018E+000  -2.54383184E+000  -1.49594950E+000  -1.35884949E+000  -1.26918169E+000  -8.22258385E-001  -3.18690145E-001   4.22979966E-001   6.44927267E-001   7.62675411E-001   9.49257501E-001   1.42991351E+000   4.80393722E+000   4.86507377E+000   4.86512135E+000   4.91370793E+000   4.94585529E+000   5.08693476E+000
 5.67599089E-001  -3.12319067E+000  -2.55950609E+000  -1.50577680E+000  -1.31840151E+000  -1.25553326E+000  -8.20303735E-001  -3.28468201E-001   5.74585265E-001   7.10816384E-001   7.52900678E-001   9.93626298E-001   1.43150690E+000   4.79719379E+000   4.86507661E+000   4.86511629E+000   4.91159971E+000   4.93791374E+000   5.10463561E+000
 5.78951071E-001  -3.11414796E+000  -2.57335170E+000  -1.51457968E+000  -1.28234855E+000  -1.24397093E+000  -8.18507236E-001  -3.36898667E-001   7.27688159E-001   7.44079906E-001   7.63832424E-001   1.05233250E+000   1.43293813E+000   4.78247981E+000   4.86507905E+000   4.86511109E+000   4.90382376E+000   4.92477147E+000   5.11556344E+000
 5.90303053E-001  -3.10629916E+000  -2.58535989E+000  -1.52233764E+000  -1.25080907E+000  -1.23440071E+000  -8.16881550E-001  -3.44006058E-001   7.36380745E-001   8.02023658E-001   8.80063829E-001   1.12544028E+000   1.43420377E+000   4.75942321E+000   4.86508107E+000   4.86510594E+000   4.89200972E+000   4.90809475E+000   5.11908949E+000
 6.01655035E-001  -3.09963235E+000  -2.59554517E+000  -1.52903283E+000  -1.22668685E+000  -1.22386062E+000  -8.15441547E-001  -3.49847010E-001   7.29717238E-001   8.27932926E-001   1.02829689E+000   1.20780957E+000   1.43530175E+000   4.72876643E+000   4.86508268E+000   4.86510101E+000   4.87783308E+000   4.88960328E+000   5.11548177E+000
 6.13007016E-001  -3.09412716E+000  -2.60394104E+000  -1.53464998E+000  -1.22066020E+000  -1.20152101E+000  -8.14203516E-001  -3.54503091E-001   7.24124718E-001   8.45218690E-001   1.16769560E+000   1.29209906E+000   1.43623325E+000   4.69256356E+000   4.86293552E+000   4.86508389E+000   4.86509658E+000   4.87098844E+000   5.10599158E+000
 6.24358998E-001  -3.08975709E+000  -2.61059370E+000  -1.53917646E+000  -1.21613361E+000  -1.18374963E+000  -8.13184005E-001  -3.58070943E-001   7.19617461E-001   8.56709193E-001   1.29235848E+000   1.37102037E+000   1.43701205E+000   4.65423010E+000   4.84884492E+000   4.85382953E+000   4.86508480E+000   4.86509264E+000   5.09279587E+000
 6.35710980E-001  -3.08649312E+000  -2.61555429E+000  -1.54260217E+000  -1.21292138E+000  -1.17046479E+000  -8.12398457E-001  -3.60650363E-001   7.16206020E-001   8.64190632E-001   1.39539791E+000   1.43778343E+000   1.43790411E+000   4.61832806E+000   4.83689796E+000   4.83951303E+000   4.86508541E+000   4.86508953E+000   5.07874636E+000
 6.47062962E-001  -3.08430800E+000  -2.61887081E+000  -1.54491952E+000  -1.21085978E+000  -1.16156990E+000  -8.11859874E-001  -3.62331641E-001   7.13898192E-001   8.68730734E-001   1.43748386E+000   1.47100732E+000   1.48695850E+000   4.58995804E+000   4.82817232E+000   4.82915952E+000   4.86508579E+000   4.86508735E+000   5.06690537E+000
 6.58414943E-001  -3.08300585E+000  -2.62084538E+000  -1.54631036E+000  -1.20966757E+000  -1.15627009E+000  -8.11533739E-001  -3.63314770E-001   7.12513019E-001   8.71270440E-001   1.43793334E+000   1.51798200E+000   1.51798200E+000   4.57110408E+000   4.82268100E+000   4.82268100E+000   4.86508600E+000   4.86508600E+000   5.05878088E+000
 6.69766925E-001  -3.08121314E+000  -2.62048472E+000  -1.54912085E+000  -1.20936738E+000  -1.15432212E+000  -8.12615488E-001  -3.62970850E-001   7.04802954E-001   8.71614669E-001   1.43667022E+000   1.52208097E+000   1.52693245E+000   4.57113397E+000   4.82268534E+000   4.82278940E+000   4.86487592E+000   4.86497073E+000   5.05866032E+000
 6.81118907E-001  -3.07584191E+000  -2.61940079E+000  -1.55751298E+000  -1.20847226E+000  -1.14849522E+000  -8.15852047E-001  -3.61936240E-001   6.82607673E-001   8.72640770E-001   1.43290785E+000   1.53431729E+000   1.55285201E+000   4.57120411E+000   4.82276183E+000   4.82317871E+000   4.86430987E+000   4.86464449E+000   5.05824123E+000
 6.92470889E-001  -3.06691197E+000  -2.61758826E+000  -1.57137014E+000  -1.20699796E+000  -1.13884010E+000  -8.21215792E-001  -3.60202958E-001   6.48269912E-001   8.74329688E-001   1.42669819E+000   1.55454003E+000   1.59340713E+000   4.57125421E+000   4.82309166E+000   4.82403153E+000   4.86356023E+000   4.86416754E+000   5.05737028E+000
 7.03822871E-001  -3.05445380E+000  -2.61503968E+000  -1.59050259E+000  -1.20496860E+000  -1.12544121E+000  -8.28654813E-001  -3.57759503E-001   6.04602954E-001   8.76652260E-001   1.41808518E+000   1.58254635E+000   1.64579885E+000   4.57118063E+000   4.82394706E+000   4.82562091E+000   4.86285585E+000   4.86364288E+000   5.05584645E+000
 7.15174852E-001  -3.03850507E+000  -2.61174756E+000  -1.61465419E+000  -1.20241387E+000  -1.10842046E+000  -8.38081210E-001  -3.54593312E-001   5.54180185E-001   8.79573117E-001   1.40710714E+000   1.61808749E+000   1.70747139E+000   4.57084024E+000   4.82565041E+000   4.82826743E+000   4.86241911E+000   4.86321179E+000   5.05347894E+000
 7.26526834E-001  -3.01910684E+000  -2.60770680E+000  -1.64351145E+000  -1.19936569E+000  -1.08795344E+000  -8.49345700E-001  -3.50693708E-001   4.99062143E-001   8.83055287E-001   1.39381093E+000   1.66086537E+000   1.77638260E+000   4.57006796E+000   4.82852387E+000   4.83228659E+000   4.86241219E+000   4.86303583E+000   5.05013513E+000
 7.37878816E-001  -2.99629987E+000  -2.60291732E+000  -1.67671436E+000  -1.19585494E+000  -1.06432135E+000  -8.62176764E-001  -3.46054976E-001   4.40802749E-001   8.87064650E-001   1.37826148E+000   1.71053491E+000   1.85099485E+000   4.56871097E+000   4.83283572E+000   4.83793302E+000   4.86290515E+000   4.86326252E+000   5.04576733E+000
 7.49230798E-001  -2.97012200E+000  -2.59738649E+000  -1.71386864E+000  -1.19190861E+000  -1.03807425E+000  -8.76010503E-001  -3.40679162E-001   3.80552930E-001   8.91573490E-001   1.36054597E+000   1.76671167E+000   1.93016856E+000   4.56667383E+000   4.83875001E+000   4.84534876E+000   4.86386909E+000   4.86398081E+000   5.04041606E+000
 7.60582780E-001  -2.94060697E+000  -2.59113104E+000  -1.75455874E+000  -1.18754780E+000  -1.01060022E+000  -8.89418151E-001  -3.34578253E-001   3.19168671E-001   8.96562645E-001   1.34077443E+000   1.82898206E+000   2.01305135E+000   4.56395992E+000   4.84628590E+000   4.85452229E+000   4.86518094E+000   4.86519059E+000   5.03419438E+000
 7.71934761E-001  -2.90778516E+000  -2.58417818E+000  -1.79836097E+000  -1.18278682E+000  -9.86287525E-001  -8.97944884E-001  -3.27775452E-001   2.57294578E-001   9.02021958E-001   1.31907750E+000   1.89691426E+000   2.09899203E+000   4.56069191E+000   4.85529211E+000   4.86526400E+000   4.86669989E+000   4.86673589E+000   5.02726146E+000
 7.83286743E-001  -2.87168619E+000  -2.57656577E+000  -1.84485598E+000  -1.17763333E+000  -9.76408428E-001  -8.90231898E-001  -3.20305381E-001   1.95421217E-001   9.07949088E-001   1.29560181E+000   1.97006920E+000   2.18748141E+000   4.55710086E+000   4.86543978E+000   4.86820352E+000   4.86841368E+000   4.87720274E+000   5.01979475E+000
 7.94638725E-001  -2.83234326E+000  -2.56834138E+000  -1.89364004E+000  -1.17208943E+000  -9.85749360E-001  -8.61396080E-001  -3.12213149E-001   1.33922347E-001   9.14346969E-001   1.27050364E+000   2.04801071E+000   2.27811391E+000   4.55348582E+000   4.86950721E+000   4.86992205E+000   4.87624075E+000   4.88980102E+000   5.01196926E+000
 8.05990707E-001  -2.78979842E+000  -2.55956040E+000  -1.94433438E+000  -1.16615332E+000  -1.00491425E+000  -8.20739362E-001  -3.03552341E-001   7.30788046E-002   9.21220499E-001   1.24394176E+000   2.13031452E+000   2.37056329E+000   4.55015716E+000   4.87044326E+000   4.87096478E+000   4.88707062E+000   4.90239467E+000   5.00394822E+000
 8.17342688E-001  -2.74410825E+000  -2.55028317E+000  -1.99659208E+000  -1.15982131E+000  -1.02838906E+000  -7.73697617E-001  -2.94382094E-001   1.30944914E-002   9.28573048E-001   1.21607059E+000   2.21657554E+000   2.46456707E+000   4.54737994E+000   4.87086449E+000   4.87130083E+000   4.89723255E+000   4.91424557E+000   4.99588321E+000
 8.28694670E-001  -2.69534893E+000  -2.54057159E+000  -2.05010221E+000  -1.15308961E+000  -1.05433988E+000  -7.22054686E-001  -2.84763548E-001  -4.58916636E-002   9.36403440E-001   1.18703471E+000   2.30641309E+000   2.55991576E+000   4.54533033E+000   4.87065765E+000   4.87078807E+000   4.90601166E+000   4.92460712E+000   4.98791460E+000
 8.40046652E-001  -2.64362006E+000  -2.53048530E+000  -2.10459112E+000  -1.14595574E+000  -1.08204563E+000  -6.66518384E-001  -2.74755994E-001  -1.03795219E-001   9.44703843E-001   1.15696558E+000   2.39947376E+000   2.65644410E+000   4.54407196E+000   4.86940660E+000   4.86975570E+000   4.91274553E+000   4.93279381E+000   4.98016043E+000
 8.51398634E-001  -2.58904652E+000  -2.52007813E+000  -2.15982099E+000  -1.13841929E+000  -1.11114181E+000  -6.07480701E-001  -2.64413123E-001  -1.60575745E-001   9.53458870E-001   1.12598066E+000   2.49543186E+000   2.75402272E+000   4.54355331E+000   4.86726072E+000   4.86816748E+000   4.91689085E+000   4.93824805E+000   4.97268740E+000
 8.62750616E-001  -2.53177826E+000  -2.50939479E+000  -2.21558598E+000  -1.14140083E+000  -1.13048184E+000  -5.45236068E-001  -2.53779754E-001  -2.16225630E-001   9.62645939E-001   1.09418492E+000   2.59398760E+000   2.85254919E+000   4.54362330E+000   4.86456272E+000   4.86601380E+000   4.91808193E+000   4.94059747E+000   4.96547290E+000
 8.74102597E-001  -2.49846860E+000  -2.47198814E+000  -2.27170663E+000  -1.17265539E+000  -1.12214610E+000  -4.80052118E-001  -2.70757578E-001  -2.42889389E-001   9.72236766E-001   1.06167420E+000   2.69486316E+000   2.95193824E+000   4.54406050E+000   4.86160389E+000   4.86354683E+000   4.91617400E+000   4.93969660E+000   4.95838221E+000
 8.85454579E-001  -2.48732019E+000  -2.40986904E+000  -2.32802243E+000  -1.20476639E+000  -1.11341439E+000  -4.12200659E-001  -3.24183215E-001  -2.31762892E-001   9.82199739E-001   1.02853967E+000   2.79779706E+000   3.05211135E+000   4.54461073E+000   4.85871852E+000   4.86113064E+000   4.91126579E+000   4.93564849E+000   4.95118493E+000
 8.96806561E-001  -2.47595747E+000  -2.38440199E+000  -2.34561243E+000  -1.23760713E+000  -1.10428639E+000  -3.76703810E-001  -3.41758520E-001  -2.20408442E-001   9.92502850E-001   9.94872607E-001   2.90253738E+000   3.15298586E+000   4.54502881E+000   4.85624542E+000   4.85918104E+000   4.90369910E+000   4.92880367E+000   4.94361299E+000
 9.08158543E-001  -2.46437704E+000  -2.44067722E+000  -2.27946369E+000  -1.27105471E+000  -1.09475654E+000  -4.27960371E-001  -2.69343211E-001  -2.08822833E-001   9.60768646E-001   1.00311690E+000   3.00883416E+000   3.25446445E+000   4.54512209E+000   4.85448954E+000   4.85808545E+000   4.89403661E+000   4.91973601E+000   4.93543834E+000
 9.19510524E-001  -2.49673343E+000  -2.45256670E+000  -2.21162412E+000  -1.30498526E+000  -1.08481094E+000  -4.78233333E-001  -1.96994022E-001  -1.94899465E-001   9.26330961E-001   1.01401869E+000   3.11643158E+000   3.35642532E+000   4.54479440E+000   4.85368451E+000   4.85812857E+000   4.88301991E+000   4.90919726E+000   4.92654475E+000
 9.30862506E-001  -2.55242966E+000  -2.44050911E+000  -2.14232634E+000  -1.33927180E+000  -1.07442391E+000  -5.27440188E-001  -1.84904714E-001  -1.18692272E-001   8.91671887E-001   1.02519416E+000   3.22506025E+000   3.45871366E+000   4.54408798E+000   4.85395759E+000   4.85943761E+000   4.87151198E+000   4.89805420E+000   4.91697951E+000
 9.42214488E-001  -2.60762752E+000  -2.42818608E+000  -2.07180639E+000  -1.37378399E+000  -1.06355409E+000  -5.75535156E-001  -1.72536675E-001  -4.09048755E-002   8.56912831E-001   1.03664132E+000   3.33442988E+000   3.56113474E+000   4.54321778E+000   4.85530143E+000   4.86028764E+000   4.86209078E+000   4.88721405E+000   4.90698319E+000
 9.53566470E-001  -2.66218820E+000  -2.41558324E+000  -2.00031275E+000  -1.40838941E+000  -1.05213994E+000  -6.22457292E-001  -1.59875360E-001   3.83032173E-002   8.22182479E-001   1.04837328E+000   3.44422265E+000   3.66344877E+000   4.54258898E+000   4.85054463E+000   4.85755991E+000   4.86551026E+000   4.87754527E+000   4.89700911E+000
 9.64918452E-001  -2.71597490E+000  -2.40269452E+000  -1.92811534E+000  -1.44295601E+000  -1.04009419E+000  -6.68133144E-001  -1.46914422E-001   1.18783838E-001   7.87613534E-001   1.06042172E+000   3.55408739E+000   3.76536756E+000   4.54278887E+000   4.84274767E+000   4.86043386E+000   4.86946116E+000   4.86980261E+000   4.88780539E+000
 9.76270433E-001  -2.76885667E+000  -2.38952609E+000  -1.85551807E+000  -1.47735515E+000  -1.02729696E+000  -7.12483425E-001  -1.33659652E-001   2.00383195E-001   7.53338377E-001   1.07284143E+000   3.66363471E+000   3.86655294E+000   4.54454904E+000   4.83755346E+000   4.86344137E+000   4.86463162E+000   4.87223569E+000   4.88123800E+000
 9.87622415E-001  -2.82071276E+000  -2.37609939E+000  -1.78287459E+000  -1.51146507E+000  -1.01358680E+000  -7.55431085E-001  -1.20131980E-001   2.82918699E-001   7.19484172E-001   1.08571706E+000   3.77243327E+000   3.96661676E+000   4.54868081E+000   4.83530746E+000   4.86207660E+000   4.86641120E+000   4.86985441E+000   4.88153734E+000
 9.98974397E-001  -2.87143710E+000  -2.36245279E+000  -1.71060685E+000  -1.54517405E+000  -9.98749370E-001  -7.96909533E-001  -1.06369204E-001   3.66149459E-001   6.86168048E-001   1.09917396E+000   3.88000724E+000   4.06512227E+000   4.55599254E+000   4.83609088E+000   4.86255126E+000   4.86659165E+000   4.86854561E+000   4.88468661E+000
 1.01032638E+000  -2.92094178E+000  -2.34864191E+000  -1.63922521E+000  -1.57838300E+000  -9.82503539E-001  -8.36869928E-001  -9.24262780E-002   4.49740043E-001   6.53492968E-001   1.11339570E+000   3.98583532E+000   4.16158679E+000   4.56719969E+000   4.83971701E+000   4.86571215E+000   4.86592296E+000   4.86960518E+000   4.88745709E+000
 1.02167836E+000  -2.96915935E+000  -2.33473839E+000  -1.61100706E+000  -1.56934788E+000  -9.64486194E-001  -8.75286582E-001  -7.83741145E-002   5.33215848E-001   6.21544885E-001   1.12865283E+000   4.08935134E+000   4.25548566E+000   4.58283782E+000   4.84575187E+000   4.86855640E+000   4.86917288E+000   4.87126868E+000   4.88935376E+000
 1.03303034E+000  -3.01604307E+000  -2.32082728E+000  -1.64297588E+000  -1.50171429E+000  -9.44240102E-001  -9.12159735E-001  -6.42969828E-002   5.90391584E-001   6.15906204E-001   1.14534926E+000   4.18994700E+000   4.34625732E+000   4.60318771E+000   4.85355626E+000   4.86744367E+000   4.87419351E+000   4.87827509E+000   4.89082721E+000
 1.04438232E+000  -3.06156512E+000  -2.30700328E+000  -1.67423256E+000  -1.43718232E+000  -9.47515240E-001  -9.21214687E-001  -5.02887587E-002   5.60083448E-001   6.96869380E-001   1.16409413E+000   4.28697694E+000   4.43330999E+000   4.62821930E+000   4.86234102E+000   4.86426064E+000   4.87989294E+000   4.88617514E+000   4.89488448E+000
 1.05573431E+000  -3.10571265E+000  -2.29336621E+000  -1.70473109E+000  -1.37669145E+000  -9.81401088E-001  -8.94797470E-001  -3.64483725E-002   5.30656098E-001   7.74797760E-001   1.18580187E+000   4.37976661E+000   4.51602994E+000   4.65756018E+000   4.85992091E+000   4.87122921E+000   4.88080395E+000   4.89406884E+000   4.90633464E+000
 1.06708629E+000  -3.14848197E+000  -2.28001606E+000  -1.73443273E+000  -1.32117100E+000  -1.01388107E+000  -8.64397876E-001  -2.28749022E-002   5.02134614E-001   8.47931414E-001   1.21179183E+000   4.46762336E+000   4.59379198E+000   4.69049175E+000   4.85483010E+000   4.87832793E+000   4.87977405E+000   4.90111619E+000   4.92315919E+000
 1.07843827E+000  -3.18987156E+000  -2.26704822E+000  -1.76330148E+000  -1.27138715E+000  -1.04502624E+000  -8.29590761E-001  -9.66279567E-003   4.74538865E-001   9.14102243E-001   1.24376337E+000   4.54985098E+000   4.66597248E+000   4.72597361E+000   4.84950660E+000   4.87565693E+000   4.88613145E+000   4.90657261E+000   4.94285613E+000
 1.08979025E+000  -3.22987460E+000  -2.25454932E+000  -1.79129929E+000  -1.22776719E+000  -1.07490529E+000  -7.90282654E-001   3.10228601E-003   4.47889302E-001   9.71166420E-001   1.28338574E+000   4.62576808E+000   4.73196527E+000   4.76269006E+000   4.84453776E+000   4.87276203E+000   4.89067287E+000   4.90985630E+000   4.96389717E+000
 1.10114223E+000  -3.26847193E+000  -2.24259408E+000  -1.81838141E+000  -1.19028830E+000  -1.10357483E+000  -7.46814751E-001   1.53465640E-002   4.22212589E-001   1.01792324E+000   1.33140090E+000   4.69472994E+000   4.79120038E+000   4.79907213E+000   4.84057650E+000   4.87056331E+000   4.89273788E+000   4.91060130E+000   4.98486493E+000
 1.11249421E+000  -3.30562652E+000  -2.23124360E+000  -1.84449244E+000  -1.15850538E+000  -1.13107105E+000  -6.99929348E-001   2.70098139E-002   3.97546456E-001   1.05483780E+000   1.38691856E+000   4.75615377E+000   4.83154383E+000   4.84013164E+000   4.84316252E+000   4.86956097E+000   4.89218882E+000   4.90869018E+000   5.00432912E+000
 1.12384620E+000  -3.34128012E+000  -2.22054519E+000  -1.86956347E+000  -1.15740372E+000  -1.13170261E+000  -6.50615528E-001   3.80453732E-002   3.73943336E-001   1.08368346E+000   1.44778490E+000   4.80954598E+000   4.83581285E+000   4.86632920E+000   4.87009244E+000   4.88694657E+000   4.88962553E+000   4.90426490E+000   5.02089914E+000
 1.13519818E+000  -3.37535274E+000  -2.21053403E+000  -1.89351053E+000  -1.18255343E+000  -1.10907753E+000  -5.99925274E-001   4.84183808E-002   3.51472507E-001   1.10653271E+000   1.51159548E+000   4.83691223E+000   4.85452751E+000   4.87230706E+000   4.88387157E+000   4.89285241E+000   4.89780101E+000   4.92377898E+000   5.03331698E+000
 1.14655016E+000  -3.40774519E+000  -2.20123633E+000  -1.91623447E+000  -1.20647243E+000  -1.08987730E+000  -5.48839972E-001   5.81023034E-002   3.30220662E-001   1.12509122E+000   1.57635784E+000   4.83972120E+000   4.87601040E+000   4.87724644E+000   4.88902269E+000   4.89137845E+000   4.91402838E+000   4.95186879E+000   5.04055603E+000
 1.15790214E+000  -3.43834445E+000  -2.19267396E+000  -1.93762220E+000  -1.22908914E+000  -1.07346465E+000  -4.98208641E-001   6.70739880E-002   3.10291040E-001   1.14055897E+000   1.64062168E+000   4.84413155E+000   4.86940222E+000   4.88048070E+000   4.88142038E+000   4.91862113E+000   4.92854973E+000   4.97177946E+000   5.04190926E+000
 1.16925412E+000  -3.46703140E+000  -2.18486991E+000  -1.95754907E+000  -1.25031560E+000  -1.05933160E+000  -4.48738924E-001   7.53077100E-002   2.91801253E-001   1.15372773E+000   1.70336964E+000   4.84972713E+000   4.86164544E+000   4.87143619E+000   4.88756227E+000   4.93619495E+000   4.93776458E+000   4.98368002E+000   5.03705562E+000
 1.18060611E+000  -3.49369006E+000  -2.17785380E+000  -1.97588258E+000  -1.27005716E+000  -1.04708646E+000  -4.01014184E-001   8.27690477E-002   2.74879879E-001   1.16511078E+000   1.76387528E+000   4.85455108E+000   4.85590386E+000   4.86310777E+000   4.89402899E+000   4.93702962E+000   4.94874074E+000   4.98794703E+000   5.02609689E+000
 1.19195809E+000  -3.51821720E+000  -2.17166616E+000  -1.99248739E+000  -1.28822314E+000  -1.03643194E+000  -3.55518015E-001   8.94100042E-002   2.59661373E-001   1.17504256E+000   1.82159271E+000   4.84880968E+000   4.85614691E+000   4.86199704E+000   4.90011790E+000   4.93156790E+000   4.95212156E+000   4.98516730E+000   5.00956043E+000
 1.20331007E+000  -3.54053134E+000  -2.16635935E+000  -2.00723313E+000  -1.30473705E+000  -1.02714354E+000  -3.12656704E-001   9.51677591E-002   2.46277929E-001   1.18374490E+000   1.87608272E+000   4.84495733E+000   4.85118307E+000   4.86715691E+000   4.90510127E+000   4.92073185E+000   4.94869700E+000   4.97613450E+000   4.98836802E+000
 1.21466205E+000  -3.56057980E+000  -2.16199220E+000  -2.02000672E+000  -1.31954538E+000  -1.01905129E+000  -2.72776135E-001   9.99705976E-002   2.34845667E-001   1.19136886E+000   1.92696718E+000   4.84332719E+000   4.84850430E+000   4.87067057E+000   4.90580593E+000   4.90828915E+000   4.93945597E+000   4.96183468E+000   4.96377930E+000
 1.22601403E+000  -3.57834327E+000  -2.15861507E+000  -2.03073182E+000  -1.33262367E+000  -1.01202559E+000  -2.36172741E-001   1.03754933E-001   2.25441969E-001   1.19802098E+000   1.97390324E+000   4.84401923E+000   4.84822557E+000   4.87163561E+000   4.88854408E+000   4.90903272E+000   4.92555782E+000   4.93736900E+000   4.94342003E+000
 1.23736601E+000  -3.59383702E+000  -2.15624467E+000  -2.03939568E+000  -1.34397935E+000  -1.00596668E+000  -2.03099442E-001   1.06494358E-001   2.18073543E-001   1.20377962E+000   2.01657127E+000   4.84689335E+000   4.85021365E+000   4.86572727E+000   4.87442508E+000   4.90503369E+000   4.90829282E+000   4.91267057E+000   4.92217105E+000
 1.24871800E+000  -3.60710867E+000  -2.15483451E+000  -2.04607722E+000  -1.35365085E+000  -1.00079704E+000  -1.73768064E-001   1.08232940E-001   2.12643282E-001   1.20870512E+000   2.05467219E+000   4.84900287E+000   4.85158667E+000   4.85412385E+000   4.86876077E+000   4.88317694E+000   4.88903276E+000   4.89944861E+000   4.90427203E+000
 1.26006998E+000  -3.61823279E+000  -2.15425568E+000  -2.05096187E+000  -1.36170330E+000  -9.96455923E-001  -1.48349891E-001   1.09104468E-001   2.08934292E-001   1.21284596E+000   2.08793075E+000   4.83246892E+000   4.85754686E+000   4.85938601E+000   4.86001536E+000   4.86209663E+000   4.86917434E+000   4.87663814E+000   4.89724610E+000
 1.27142196E+000  -3.62730264E+000  -2.15430366E+000  -2.05432789E+000  -1.36822111E+000  -9.92895642E-001  -1.26976040E-001   1.09320295E-001   2.06628379E-001   1.21624218E+000   2.11610185E+000   4.81865993E+000   4.84020637E+000   4.85007259E+000   4.85342743E+000   4.85508660E+000   4.86412756E+000   4.86537601E+000   4.88857469E+000
 1.28277394E+000  -3.63442010E+000  -2.15473245E+000  -2.05650366E+000  -1.37329850E+000  -9.90078962E-001  -1.09739148E-001   1.09127713E-001   2.05356896E-001   1.21892716E+000   2.13897705E+000   4.80855680E+000   4.82462588E+000   4.83299102E+000   4.83604733E+000   4.84330643E+000   4.87057581E+000   4.87134418E+000   4.87900246E+000
 1.29412592E+000  -3.63968476E+000  -2.15529990E+000  -2.05781293E+000  -1.37702879E+000  -9.87977422E-001  -9.66975299E-002   1.08760933E-001   2.04761604E-001   1.22092824E+000   2.15638944E+000   4.80262789E+000   4.81351748E+000   4.81902422E+000   4.82060847E+000   4.83261126E+000   4.86969975E+000   4.87620310E+000   4.87660238E+000
 1.30547791E+000  -3.64318325E+000  -2.15580441E+000  -2.05852890E+000  -1.37949396E+000  -9.86570261E-001  -8.78821905E-002   1.08406519E-001   2.04543033E-001   1.22226664E+000   2.16821539E+000   4.80082914E+000   4.80662795E+000   4.80905506E+000   4.80964816E+000   4.82249728E+000   4.86209109E+000   4.88039361E+000   4.88054397E+000
 1.31682989E+000  -3.64498003E+000  -2.15610496E+000  -2.05884613E+000  -1.38075537E+000  -9.85843761E-001  -8.33059113E-002   1.08189424E-001   2.04488811E-001   1.22295706E+000   2.17437372E+000   4.80217396E+000   4.80335128E+000   4.80370692E+000   4.80378656E+000   4.81474597E+000   4.85760973E+000   4.88269900E+000   4.88271924E+000
 1.32818187E+000  -3.64525773E+000  -2.15615397E+000  -2.05889202E+000  -1.38095003E+000  -9.85731228E-001  -8.25955689E-002   1.08153732E-001   2.04484045E-001   1.22306397E+000   2.17533085E+000   4.80286600E+000   4.80286600E+000   4.80286600E+000   4.80286600E+000   4.81304562E+000   4.85687634E+000   4.88306500E+000   4.88306500E+000
 1.33953385E+000  -3.64442695E+000  -2.15600581E+000  -2.05875460E+000  -1.38036771E+000  -9.86067402E-001  -8.47154517E-002   1.08261803E-001   2.04499407E-001   1.22274443E+000   2.17247723E+000   4.80146879E+000   4.80397818E+000   4.80532752E+000   4.80597017E+000   4.81746275E+000   4.85900532E+000   4.88198935E+000   4.88204983E+000
 1.35088583E+000  -3.64191273E+000  -2.15555206E+000  -2.05832222E+000  -1.37860431E+000  -9.87077929E-001  -9.10556012E-002   1.08593659E-001   2.04575940E-001   1.22178175E+000   2.16398028E+000   4.80187634E+000   4.80793598E+000   4.81229089E+000   4.81482556E+000   4.82592454E+000   4.86458846E+000   4.87900427E+000   4.87924633E+000
 1.36223781E+000  -3.63765284E+000  -2.15476802E+000  -2.05753788E+000  -1.37561334E+000  -9.88768429E-001  -1.01559474E-001   1.09168673E-001   2.04799904E-001   1.22016464E+000   2.15001937E+000   4.80700143E+000   4.81592287E+000   4.82256443E+000   4.82814071E+000   4.83491948E+000   4.87186478E+000   4.87478376E+000   4.87532744E+000
 1.37358980E+000  -3.63155428E+000  -2.15362238E+000  -2.05631702E+000  -1.37132610E+000  -9.91147027E-001  -1.16139051E-001   1.10008285E-001   2.05299439E-001   1.21787724E+000   2.13085687E+000   4.81725273E+000   4.82859052E+000   4.83438837E+000   4.84295865E+000   4.84401263E+000   4.87027501E+000   4.87124904E+000   4.87914565E+000
 1.38494178E+000  -3.62350774E+000  -2.15208940E+000  -2.05456088E+000  -1.36566383E+000  -9.94222868E-001  -1.34683063E-001   1.11122941E-001   2.06225185E-001   1.21490275E+000   2.10679711E+000   4.83158456E+000   4.84543804E+000   4.84572852E+000   4.84943476E+000   4.86024300E+000   4.86651414E+000   4.86803861E+000   4.88531625E+000
 1.39629376E+000  -3.61340456E+000  -2.15016160E+000  -2.05217148E+000  -1.35855241E+000  -9.98004680E-001  -1.57066185E-001   1.12499285E-001   2.07729570E-001   1.21122716E+000   2.07814949E+000   4.84564223E+000   4.85471470E+000   4.85629585E+000   4.86419718E+000   4.86451937E+000   4.86656689E+000   4.87468454E+000   4.89025712E+000
 1.40764574E+000  -3.60115386E+000  -2.14785972E+000  -2.04906513E+000  -1.34993778E+000  -1.00249979E+000  -1.83157134E-001   1.14091359E-001   2.09948442E-001   1.20684200E+000   2.04520471E+000   4.85023233E+000   4.85970580E+000   4.86431384E+000   4.86731681E+000   4.86983679E+000   4.87977491E+000   4.88576455E+000   4.89645963E+000
 1.41899772E+000  -3.58669731E+000  -2.14523693E+000  -2.04518218E+000  -1.33980037E+000  -1.00771395E+000  -2.12823822E-001   1.15818746E-001   2.12987524E-001   1.20174547E+000   2.00822720E+000   4.84961483E+000   4.85981240E+000   4.86641962E+000   4.87038868E+000   4.88206325E+000   4.88427054E+000   4.89298444E+000   4.90719884E+000
 1.43034970E+000  -3.57001951E+000  -2.14237598E+000  -2.04049132E+000  -1.32816629E+000  -1.01365202E+000  -2.45934569E-001   1.17573037E-001   2.16915019E-001   1.19594148E+000   1.96746182E+000   4.84693415E+000   4.85499717E+000   4.87019612E+000   4.87525257E+000   4.88328577E+000   4.88568584E+000   4.89532142E+000   4.91375494E+000
 1.44170169E+000  -3.55115262E+000  -2.13937901E+000  -2.03498792E+000  -1.31511394E+000  -1.02031951E+000  -2.82355410E-001   1.19231820E-001   2.21760885E-001   1.18943671E+000   1.92314999E+000   4.84305913E+000   4.84612883E+000   4.87475820E+000   4.87520276E+000   4.88027467E+000   4.88112994E+000   4.89355422E+000   4.90816919E+000
 1.45305367E+000  -3.53017455E+000  -2.13635189E+000  -2.02868705E+000  -1.30077486E+000  -1.02772471E+000  -3.21944512E-001   1.20677265E-001   2.27522597E-001   1.18223644E+000   1.87554866E+000   4.83379613E+000   4.83841291E+000   4.84691209E+000   4.87333251E+000   4.87896681E+000   4.88577512E+000   4.88674206E+000   4.89134982E+000
 1.46440565E+000  -3.50720118E+000  -2.13338631E+000  -2.02161280E+000  -1.28532840E+000  -1.03588091E+000  -3.64545326E-001   1.21815057E-001   2.34176327E-001   1.17433959E+000   1.82494631E+000   4.79148274E+000   4.82106291E+000   4.83342297E+000   4.83721904E+000   4.87690187E+000   4.88187645E+000   4.88528305E+000   4.89113781E+000
 1.47575763E+000  -3.48237379E+000  -2.13054331E+000  -2.01378625E+000  -1.26899088E+000  -1.04480866E+000  -4.09980192E-001   1.22589455E-001   2.41691268E-001   1.16573403E+000   1.77167089E+000   4.71120155E+000   4.76103916E+000   4.80931836E+000   4.83497443E+000   4.87419737E+000   4.88130791E+000   4.88262029E+000   4.89346054E+000
 1.48710961E+000  -3.45584379E+000  -2.12784188E+000  -2.00521499E+000  -1.25200044E+000  -1.05453753E+000  -4.58045765E-001   1.22991482E-001   2.50043747E-001   1.15639223E+000   1.71608795E+000   4.60182210E+000   4.66023000E+000   4.80045524E+000   4.83424113E+000   4.87329165E+000   4.87989662E+000   4.88080864E+000   4.89334689E+000
 1.49846160E+000  -3.42775717E+000  -2.12525512E+000  -1.99588664E+000  -1.23459987E+000  -1.06510770E+000  -5.08510807E-001   1.23058960E-001   2.59227445E-001   1.14626721E+000   1.65859049E+000   4.46320289E+000   4.53124252E+000   4.79585174E+000   4.83499796E+000   4.87444533E+000   4.87611521E+000   4.88223095E+000   4.89101049E+000
 1.50981358E+000  -3.39824128E+000  -2.12271462E+000  -1.98576833E+000  -1.21701945E+000  -1.07657147E+000  -5.61115809E-001   1.22868723E-001   2.69256977E-001   1.13528789E+000   1.59958591E+000   4.29687896E+000   4.37576516E+000   4.79621015E+000   4.83711103E+000   4.86993943E+000   4.87753525E+000   4.88723365E+000   4.88819597E+000
 1.52116556E+000  -3.36739629E+000  -2.12012229E+000  -1.97481262E+000  -1.19946247E+000  -1.08899576E+000  -6.15572938E-001   1.22522632E-001   2.80163848E-001   1.12335143E+000   1.53948799E+000   4.10600996E+000   4.19706828E+000   4.80146797E+000   4.84030192E+000   4.86348608E+000   4.88124050E+000   4.88323744E+000   4.89867816E+000
 1.53251754E+000  -3.33529286E+000  -2.11736731E+000  -1.96296888E+000  -1.18209554E+000  -1.10246676E+000  -6.71564064E-001   1.22129962E-001   2.91985856E-001   1.11030893E+000   1.47872272E+000   3.89509597E+000   3.99974359E+000   4.81082865E+000   4.84419147E+000   4.85801217E+000   4.88045014E+000   4.88532297E+000   4.91285599E+000
 1.54386952E+000  -3.30197680E+000  -2.11434469E+000  -1.95019769E+000  -1.16504545E+000  -1.11709890E+000  -7.28734144E-001   1.21789381E-001   3.04752653E-001   1.09593753E+000   1.41775670E+000   3.66954871E+000   3.78927654E+000   4.82290506E+000   4.84835714E+000   4.85485916E+000   4.88021677E+000   4.88947407E+000   4.92921997E+000
 1.55522150E+000  -3.26748040E+000  -2.11097200E+000  -1.93648500E+000  -1.14840437E+000  -1.13305141E+000  -7.86676700E-001   1.21573900E-001   3.18471097E-001   1.07988680E+000   1.35715881E+000   3.43517766E+000   3.57153001E+000   4.83594524E+000   4.85239410E+000   4.85498365E+000   4.88350575E+000   4.89334487E+000   4.94599274E+000
 1.56657349E+000  -3.23183889E+000  -2.10720070E+000  -1.92185277E+000  -1.15055756E+000  -1.13224436E+000  -8.44906882E-001   1.21521752E-001   3.33114039E-001   1.06158005E+000   1.29771061E+000   3.19765690E+000   3.35221144E+000   4.84807344E+000   4.85600048E+000   4.85873050E+000   4.89067218E+000   4.89660313E+000   4.96137381E+000
 1.57792547E+000  -3.19510949E+000  -2.10301992E+000  -1.90636327E+000  -1.16997375E+000  -1.11664136E+000  -9.02815626E-001   1.21635078E-001   3.48615418E-001   1.04005234E+000   1.24057880E+000   2.96203832E+000   3.13639246E+000   4.85696561E+000   4.85961472E+000   4.86570824E+000   4.89898680E+000   4.90133065E+000   4.97378311E+000
 1.58927745E+000  -3.15738978E+000  -2.09845180E+000  -1.89011578E+000  -1.19185545E+000  -1.10170764E+000  -9.59598540E-001   1.21886788E-001   3.64873141E-001   1.01377634E+000   1.18749508E+000   2.73236846E+000   2.92814065E+000   4.85986573E+000   4.86465055E+000   4.87480321E+000   4.90033341E+000   4.91437128E+000   4.98207498E+000
 1.60062943E+000  -3.11883176E+000  -2.09353934E+000  -1.87323581E+000  -1.21705088E+000  -1.08762925E+000  -1.01416860E+000   1.22234250E-001   3.81759570E-001   9.80812875E-001   1.14060453E+000   2.51144892E+000   2.73030402E+000   4.86073720E+000   4.86650582E+000   4.88433805E+000   4.90059130E+000   4.92811868E+000   4.98568305E+000
 1.61198141E+000  -3.07964835E+000  -2.08832924E+000  -1.85585861E+000  -1.24673494E+000  -1.07470316E+000  -1.06512977E+000   1.22636940E-001   3.99137721E-001   9.39875468E-001   1.10139362E+000   2.30075940E+000   2.54446459E+000   4.86047161E+000   4.86440576E+000   4.89234924E+000   4.89981880E+000   4.94060874E+000   4.98467266E+000
 1.62333340E+000  -3.04011052E+000  -2.08285356E+000  -1.83811023E+000  -1.28216699E+000  -1.11102640E+000  -1.06336728E+000   1.23074236E-001   4.16880032E-001   8.91627863E-001   1.06938086E+000   2.10053902E+000   2.37105179E+000   4.85762567E+000   4.86060294E+000   4.89688296E+000   4.89822780E+000   4.94994144E+000   4.97969550E+000
 1.63468538E+000  -3.00053532E+000  -2.07711412E+000  -1.82008961E+000  -1.32401359E+000  -1.15102638E+000  -1.05421712E+000   1.23559328E-001   4.34885809E-001   8.38216234E-001   1.04257164E+000   1.91000135E+000   2.20958425E+000   4.84987264E+000   4.85876397E+000   4.89565225E+000   4.89686711E+000   4.95464489E+000   4.97185831E+000
 1.64603736E+000  -2.96126713E+000  -2.07107320E+000  -1.80185545E+000  -1.37176203E+000  -1.18551037E+000  -1.04800494E+000   1.24145881E-001   4.53093477E-001   7.81772530E-001   1.01894427E+000   1.72764300E+000   2.05899325E+000   4.84071473E+000   4.85702896E+000   4.89078759E+000   4.89314682E+000   4.95397908E+000   4.96253099E+000
 1.65738934E+000  -2.92265649E+000  -2.06465267E+000  -1.78342077E+000  -1.42402244E+000  -1.21576836E+000  -1.04562087E+000   1.24925475E-001   4.71484303E-001   7.23760813E-001   9.97098466E-001   1.55159808E+000   1.91797453E+000   4.83188069E+000   4.85535858E+000   4.87963113E+000   4.89019366E+000   4.94811681E+000   4.95312863E+000
 1.66874132E+000  -2.88504145E+000  -2.05774201E+000  -1.76475632E+000  -1.47931669E+000  -1.24320481E+000  -1.04805792E+000   1.26015647E-001   4.90074829E-001   6.65051838E-001   9.76183075E-001   1.37999031E+000   1.78531699E+000   4.82464319E+000   4.85397382E+000   4.86414004E+000   4.88743234E+000   4.93816010E+000   4.94490317E+000
 1.68009330E+000  -2.84873659E+000  -2.05021360E+000  -1.74580280E+000  -1.53651545E+000  -1.26889101E+000  -1.05636387E+000   1.27540146E-001   5.08893989E-001   6.06134480E-001   9.55694780E-001   1.21124497E+000   1.66016418E+000   4.81990165E+000   4.84623749E+000   4.85307786E+000   4.88504487E+000   4.92597841E+000   4.93877469E+000
 1.69144529E+000  -2.81403298E+000  -2.04194222E+000  -1.72648987E+000  -1.59486726E+000  -1.29352149E+000  -1.07158165E+000   1.29604117E-001   5.27930015E-001   5.47273975E-001   9.35336452E-001   1.04434673E+000   1.54217664E+000   4.81809826E+000   4.82823754E+000   4.85281702E+000   4.88320160E+000   4.91388692E+000   4.93522514E+000
 1.70279727E+000  -2.78121092E+000  -2.03282489E+000  -1.70675912E+000  -1.65388857E+000  -1.31750687E+000  -1.09467751E+000   1.32266353E-001   4.88612353E-001   5.46958877E-001   8.79120908E-001   9.14937186E-001   1.43157683E+000   4.81245269E+000   4.81919625E+000   4.85326355E+000   4.88200358E+000   4.90421289E+000   4.93426762E+000
 1.71414925E+000  -2.75056471E+000  -2.02279687E+000  -1.71325637E+000  -1.68658775E+000  -1.34106270E+000  -1.12645542E+000   1.35505280E-001   4.30232299E-001   5.64307352E-001   7.17494748E-001   8.94409458E-001   1.32907522E+000   4.80072320E+000   4.82273138E+000   4.85440749E+000   4.88146933E+000   4.89882020E+000   4.93548948E+000
 1.72550123E+000  -2.72243620E+000  -2.01184075E+000  -1.77273347E+000  -1.66601149E+000  -1.36426555E+000  -1.16745872E+000   1.39149804E-001   3.72198338E-001   5.34707518E-001   6.05629477E-001   8.73726367E-001   1.23569457E+000   4.79398505E+000   4.82792353E+000   4.85615560E+000   4.88153130E+000   4.89867389E+000   4.93815621E+000
 1.73685321E+000  -2.69725209E+000  -1.99998651E+000  -1.83212257E+000  -1.64515041E+000  -1.38708129E+000  -1.21786433E+000   1.42580995E-001   3.14582078E-001   3.87372665E-001   6.16012000E-001   8.52909294E-001   1.15252956E+000   4.79195620E+000   4.83382458E+000   4.85833649E+000   4.88204058E+000   4.90352418E+000   4.94135475E+000
 1.74820519E+000  -2.67555733E+000  -1.98730268E+000  -1.89124086E+000  -1.62425702E+000  -1.40937517E+000  -1.27736954E+000   1.41613696E-001   2.40172357E-001   2.57474883E-001   6.36245786E-001   8.32018690E-001   1.08049697E+000   4.79300085E+000   4.83947536E+000   4.86071397E+000   4.88278022E+000   4.91176815E+000   4.94414985E+000
 1.75955718E+000  -2.65803568E+000  -1.97388034E+000  -1.94990903E+000  -1.60387318E+000  -1.43091233E+000  -1.34500987E+000   7.13289944E-002   1.67973705E-001   2.00990288E-001   6.57725831E-001   8.11137983E-001   1.02014074E+000   4.79420306E+000   4.84404793E+000   4.86301101E+000   4.88348744E+000   4.92051660E+000   4.94572719E+000
 1.77090916E+000  -2.64550736E+000  -2.00795077E+000  -1.95981434E+000  -1.58558829E+000  -1.45135783E+000  -1.41843113E+000  -6.31370984E-002   1.45258470E-001   1.67740038E-001   6.79618151E-001   7.90337300E-001   9.71546446E-001   4.79164709E+000   4.84695226E+000   4.86494039E+000   4.88388337E+000   4.92586685E+000   4.94550199E+000
 1.78226114E+000  -2.63889383E+000  -2.06519963E+000  -1.94518891E+000  -1.57792607E+000  -1.48808298E+000  -1.47028684E+000  -1.93653623E-001   9.04153883E-002   1.72728611E-001   7.01617373E-001   7.69616443E-001   9.34379503E-001   4.78086741E+000   4.84789291E+000   4.86623706E+000   4.88370771E+000   4.92335048E+000   4.94318028E+000
 1.79361312E+000  -2.63914406E+000  -2.12151115E+000  -1.93008326E+000  -1.62054589E+000  -1.51311460E+000  -1.48721600E+000  -3.15121003E-001   3.65894831E-002   1.78842334E-001   7.23550230E-001   7.48868093E-001   9.07989070E-001   4.75740393E+000   4.84687060E+000   4.86668683E+000   4.88275421E+000   4.90849635E+000   4.93876938E+000
 1.80496510E+000  -2.64712568E+000  -2.17677709E+000  -1.91465776E+000  -1.70457007E+000  -1.50166324E+000  -1.50107298E+000  -4.26414464E-001  -1.61110836E-002   1.85595147E-001   7.27921667E-001   7.45317610E-001   8.91481967E-001   4.71738192E+000   4.84410992E+000   4.86607180E+000   4.87752720E+000   4.88090122E+000   4.93254259E+000
 1.81631709E+000  -2.66350030E+000  -2.23093753E+000  -1.89988021E+000  -1.79730970E+000  -1.51323236E+000  -1.48254868E+000  -5.27220209E-001  -6.76080435E-002   1.92959173E-001   7.06646846E-001   7.66881927E-001   8.83751031E-001   4.65803127E+000   4.82655816E+000   4.84070956E+000   4.86479020E+000   4.87813258E+000   4.92496980E+000
 1.82766907E+000  -2.68861736E+000  -2.28398423E+000  -1.91099953E+000  -1.86743893E+000  -1.52170408E+000  -1.46260052E+000  -6.17675135E-001  -1.17857703E-001   2.01042709E-001   6.85013216E-001   7.88258006E-001   8.83535378E-001   4.57806681E+000   4.75619984E+000   4.83581655E+000   4.86238262E+000   4.87454615E+000   4.91663030E+000
 1.83902105E+000  -2.72246472E+000  -2.33595011E+000  -2.00344931E+000  -1.85770588E+000  -1.52710597E+000  -1.44218843E+000  -6.98209209E-001  -1.66850052E-001   2.09999668E-001   6.63069357E-001   8.09498913E-001   8.89536306E-001   4.47787351E+000   4.66542532E+000   4.83108496E+000   4.85930434E+000   4.87034875E+000   4.90812521E+000
 1.85037303E+000  -2.76469470E+000  -2.38688543E+000  -2.10501465E+000  -1.83940634E+000  -1.52973895E+000  -1.42155944E+000  -7.69409118E-001  -2.14602858E-001   2.19979081E-001   6.40896576E-001   8.30676340E-001   9.00530521E-001   4.35947169E+000   4.55645422E+000   4.82677401E+000   4.85582402E+000   4.86583658E+000   4.90000366E+000
 1.86172501E+000  -2.81471135E+000  -2.43683037E+000  -2.20838981E+000  -1.81930753E+000  -1.53015665E+000  -1.40077652E+000  -8.31890787E-001  -2.61152259E-001   2.31088202E-001   6.18580748E-001   8.51858235E-001   9.15439258E-001   4.22627151E+000   4.43265509E+000   4.82326843E+000   4.85228354E+000   4.86136360E+000   4.89271160E+000
 1.87307699E+000  -2.87177986E+000  -2.48579674E+000  -2.31275604E+000  -1.79792318E+000  -1.52911232E+000  -1.37986069E+000  -8.86192394E-001  -3.06541911E-001   2.43367191E-001   5.96203503E-001   8.73087577E-001   9.33355789E-001   4.08265653E+000   4.29837025E+000   4.82083666E+000   4.84904557E+000   4.85730154E+000   4.88656665E+000
 1.88442898E+000  -2.93511980E+000  -2.53376467E+000  -2.41778445E+000  -1.77543524E+000  -1.52749320E+000  -1.35884563E+000  -9.32701481E-001  -3.50812716E-001   2.56777599E-001   5.73841230E-001   8.94366292E-001   9.53546976E-001   3.93346090E+000   4.15840924E+000   4.81962444E+000   4.84645053E+000   4.85399743E+000   4.88175672E+000
 1.89578096E+000  -3.00396279E+000  -2.58069079E+000  -2.52326794E+000  -1.75200079E+000  -1.52625229E+000  -1.33780034E+000  -9.71627995E-001  -3.93994736E-001   2.71206205E-001   5.51564828E-001   9.15647367E-001   9.75439992E-001   3.78341787E+000   4.01750294E+000   4.81967264E+000   4.84477757E+000   4.85173412E+000   4.87835614E+000
 1.90713294E+000  -3.07757430E+000  -2.62902685E+000  -2.62651971E+000  -1.72778702E+000  -1.52633259E+000  -1.31683380E+000  -1.00303313E+000  -4.36102145E-001   2.86483546E-001   5.29438325E-001   9.36836742E-001   9.98600347E-001   3.63665847E+000   3.87980284E+000   4.82094365E+000   4.84421392E+000   4.85069943E+000   4.87635049E+000
 1.91848492E+000  -3.15524910E+000  -2.73486151E+000  -2.67119334E+000  -1.70296011E+000  -1.52857187E+000  -1.29608680E+000  -1.02691750E+000  -4.77131336E-001   3.02413969E-001   5.07516881E-001   9.57804615E-001   1.02270506E+000   3.49632750E+000   3.74849273E+000   4.82334695E+000   4.84483637E+000   4.85096778E+000   4.87566162E+000
 1.92983690E+000  -3.23629189E+000  -2.84052072E+000  -2.71465640E+000  -1.67766356E+000  -1.53358915E+000  -1.27571513E+000  -1.04335342E+000  -5.17061675E-001   3.18811849E-001   4.85845299E-001   9.78404008E-001   1.04751427E+000   3.36436228E+000   3.62555791E+000   4.82675745E+000   4.84660698E+000   4.85249635E+000   4.87616649E+000
 1.94118889E+000  -3.31999384E+000  -2.94568040E+000  -2.75685898E+000  -1.65199794E+000  -1.54168352E+000  -1.25586844E+000  -1.05261667E+000  -5.55858022E-001   3.35537417E-001   4.64457892E-001   9.98493013E-001   1.07284416E+000   3.24145160E+000   3.51173081E+000   4.83102388E+000   4.84938283E+000   4.85513546E+000   4.87770689E+000
 1.95254087E+000  -3.40561336E+000  -3.04993241E+000  -2.79775750E+000  -1.62600798E+000  -1.55279513E+000  -1.23666953E+000  -1.05525704E+000  -5.93474066E-001   3.52525620E-001   4.43380072E-001   1.01795644E+000   1.09854389E+000   3.12716380E+000   3.40660402E+000   4.83596849E+000   4.85293769E+000   4.85865081E+000   4.88009092E+000
 1.96389285E+000  -3.49236737E+000  -3.15278523E+000  -2.83731488E+000  -1.59968011E+000  -1.56655625E+000  -1.21819833E+000  -1.05207313E+000  -6.29855568E-001   3.69802625E-001   4.22631453E-001   1.03672267E+000   1.12447785E+000   3.02020790E+000   3.30887799E+000   4.84138233E+000   4.85699149E+000   4.86275367E+000   4.88309011E+000
 1.97524483E+000  -3.57943598E+000  -3.25367708E+000  -2.87550041E+000  -1.58240879E+000  -1.57295073E+000  -1.20048414E+000  -1.04401268E+000  -6.64942857E-001   3.87486898E-001   4.02229822E-001   1.05477255E+000   1.15051429E+000   2.91877529E+000   3.21669368E+000   4.84702144E+000   4.86124292E+000   4.86713382E+000   4.88643748E+000
 1.98659681E+000  -3.66598103E+000  -3.35200127E+000  -2.91228934E+000  -1.59973227E+000  -1.54572385E+000  -1.18350778E+000  -1.03205452E+000  -6.98672130E-001   3.82195122E-001   4.05774611E-001   1.07213856E+000   1.17651960E+000   2.82090276E+000   3.12799281E+000   4.85260968E+000   4.86539998E+000   4.87149041E+000   4.88983189E+000
 1.99794879E+000  -3.75117575E+000  -3.44714098E+000  -2.94766215E+000  -1.61793904E+000  -1.51789527E+000  -1.16721384E+000  -1.01711766E+000  -7.30975330E-001   3.62552585E-001   4.24912071E-001   1.08889451E+000   1.20235729E+000   2.72480153E+000   3.04085052E+000   4.85785127E+000   4.86920433E+000   4.87555637E+000   4.89295203E+000
 2.00930078E+000  -3.83424087E+000  -3.53850950E+000  -2.98160372E+000  -1.63652505E+000  -1.48937930E+000  -1.15153121E+000  -1.00001187E+000  -7.61778446E-001   3.43334380E-001   4.45160237E-001   1.10513781E+000   1.22789012E+000   2.62910841E+000   2.95373554E+000   4.86245387E+000   4.87244677E+000   4.87911388E+000   4.89548065E+000
 2.02065276E+000  -3.91448177E+000  -3.62559048E+000  -3.01410241E+000  -1.65508602E+000  -1.46013342E+000  -1.13639903E+000  -9.81421998E-001  -7.90997989E-001   3.24579560E-001   4.66757739E-001   1.12096758E+000   1.25298371E+000   2.53303299E+000   2.86566999E+000   4.86615927E+000   4.87497312E+000   4.88200003E+000   4.89713639E+000
 2.03200474E+000  -3.99132078E+000  -3.70797292E+000  -3.04514930E+000  -1.67331420E+000  -1.43017655E+000  -1.12179494E+000  -9.61912461E-001  -8.18535012E-001   3.06332486E-001   4.89888960E-001   1.13646297E+000   1.27751040E+000   2.43639378E+000   2.77627950E+000   4.86877654E+000   4.87668200E+000   4.88410420E+000   4.89770809E+000
 2.04335672E+000  -4.06432025E+000  -3.78537625E+000  -3.07473772E+000  -1.69098692E+000  -1.39959759E+000  -1.10776308E+000  -9.41940946E-001  -8.44265278E-001   2.88640353E-001   5.14662575E-001   1.15166558E+000   1.30135241E+000   2.33955461E+000   2.68574319E+000   4.87021068E+000   4.87751744E+000   4.88535973E+000   4.89708499E+000
 2.05470870E+000  -4.13319356E+000  -3.85766266E+000  -3.10286323E+000  -1.70795306E+000  -1.36855306E+000  -1.09444126E+000  -9.21874876E-001  -8.68022853E-001   2.71550605E-001   5.41103825E-001   1.16656924E+000   1.32440387E+000   2.24328729E+000   2.59466705E+000   4.87048033E+000   4.87746028E+000   4.88573390E+000   4.89527642E+000
 2.06606068E+000  -4.19780335E+000  -3.92483604E+000  -3.12952391E+000  -1.72411978E+000  -1.33725546E+000  -1.08208968E+000  -9.02007415E-001  -8.89572863E-001   2.55109087E-001   5.69161101E-001   1.18111891E+000   1.34657149E+000   2.14859468E+000   2.50391349E+000   4.86971986E+000   4.87652190E+000   4.88521943E+000   4.89241644E+000
 2.07741267E+000  -4.25814827E+000  -3.98702879E+000  -3.15472086E+000  -1.73944001E+000  -1.30595621E+000  -1.07112439E+000  -9.08569278E-001  -8.82571646E-001   2.39359518E-001   5.98724706E-001   1.19521855E+000   1.36777420E+000   2.05653057E+000   2.41442152E+000   4.86816429E+000   4.87474271E+000   4.88382955E+000   4.88875209E+000
 2.08876465E+000  -4.31434105E+000  -4.04447943E+000  -3.17845852E+000  -1.75390077E+000  -1.27492921E+000  -1.06214971E+000  -9.24504249E-001  -8.63752527E-001   2.24344414E-001   6.29653458E-001   1.20874630E+000   1.38794178E+000   1.96804806E+000   2.32704835E+000   4.86611836E+000   4.87219642E+000   4.88159577E+000   4.88461887E+000
 2.10011663E+000  -4.36658118E+000  -4.09750484E+000  -3.20074466E+000  -1.76751236E+000  -1.24446169E+000  -1.05593853E+000  -9.36701030E-001  -8.45696599E-001   2.10107064E-001   6.61803589E-001   1.22157368E+000   1.40701252E+000   1.88389842E+000   2.24245456E+000   4.86391426E+000   4.86899937E+000   4.87857661E+000   4.88039840E+000
 2.11146861E+000  -4.41512540E+000  -4.14647029E+000  -3.22158951E+000  -1.78029866E+000  -1.21485969E+000  -1.05321723E+000  -9.44493444E-001  -8.28519706E-001   1.96693608E-001   6.95054305E-001   1.23358511E+000   1.42492932E+000   1.80459060E+000   2.16104374E+000   4.86186367E+000   4.86532275E+000   4.87497469E+000   4.87636500E+000
 2.12282059E+000  -4.46025819E+000  -4.19175974E+000  -3.24100430E+000  -1.79228922E+000  -1.18647979E+000  -1.05415640E+000  -9.47684390E-001  -8.12313023E-001   1.84154020E-001   7.29325495E-001   1.24469391E+000   1.44163154E+000   1.73041050E+000   2.08295662E+000   4.86018913E+000   4.86142589E+000   4.87118405E+000   4.87260280E+000
 2.13417258E+000  -4.50226329E+000  -4.23374727E+000  -3.25899915E+000  -1.80351347E+000  -1.15981814E+000  -1.05793305E+000  -9.46887876E-001  -7.97147785E-001   1.72540900E-001   7.64585011E-001   1.25485184E+000   1.45703241E+000   1.66149648E+000   2.00810987E+000   4.85740124E+000   4.85924617E+000   4.86731298E+000   4.86945027E+000
 2.14552456E+000  -4.54139651E+000  -4.27276948E+000  -3.27558098E+000  -1.81399676E+000  -1.13577309E+000  -1.06277885E+000  -9.43222718E-001  -7.83079082E-001   1.61905568E-001   8.00845327E-001   1.26405059E+000   1.47092722E+000   1.59800622E+000   1.93626398E+000   4.85386771E+000   4.85880013E+000   4.86349773E+000   4.86715808E+000
 2.15687654E+000  -4.57785963E+000  -4.30909841E+000  -3.29075172E+000  -1.82375780E+000  -1.11648522E+000  -1.06572937E+000  -9.37734999E-001  -7.70149039E-001   1.52291914E-001   8.38151599E-001   1.27231509E+000   1.48230118E+000   1.54088496E+000   1.86710246E+000   4.85100157E+000   4.85896844E+000   4.86009656E+000   4.86567062E+000
 2.16822852E+000  -4.61177621E+000  -4.34291520E+000  -3.30450752E+000  -1.83280610E+000  -1.10640153E+000  -1.06182381E+000  -9.31148136E-001  -7.58389652E-001   1.43729476E-001   8.76564711E-001   1.27969009E+000   1.47545026E+000   1.50580509E+000   1.80030632E+000   4.84912252E+000   4.85744060E+000   4.85961088E+000   4.86485454E+000
 2.17958050E+000  -4.64317098E+000  -4.37428661E+000  -3.31683907E+000  -1.84113883E+000  -1.10636425E+000  -1.04997392E+000  -9.23916430E-001  -7.47825395E-001   1.36227834E-001   9.16143396E-001   1.28622228E+000   1.43248900E+000   1.51069228E+000   1.73561256E+000   4.84844888E+000   4.85577632E+000   4.86055491E+000   4.86453980E+000
 2.19093248E+000  -4.67195624E+000  -4.40314835E+000  -3.32773307E+000  -1.84873652E+000  -1.11079474E+000  -1.03564832E+000  -9.16361834E-001  -7.38475652E-001   1.29774380E-001   9.56928791E-001   1.29193982E+000   1.38991058E+000   1.51917071E+000   1.67285269E+000   4.84906221E+000   4.85523161E+000   4.86161884E+000   4.86454312E+000
 2.20228447E+000  -4.69792923E+000  -4.42930026E+000  -3.33717436E+000  -1.85555879E+000  -1.11626357E+000  -1.02218673E+000  -9.08787100E-001  -7.30356826E-001   1.24336504E-001   9.98932756E-001   1.29682916E+000   1.35215000E+000   1.52698130E+000   1.61197569E+000   4.85087423E+000   4.85578461E+000   4.86264398E+000   4.86469811E+000
 2.21363645E+000  -4.72078411E+000  -4.45241815E+000  -3.34514822E+000  -1.86154201E+000  -1.12154945E+000  -1.01067408E+000  -9.01533966E-001  -7.23483950E-001   1.19867825E-001   1.04212760E+000   1.30080100E+000   1.31983349E+000   1.53370012E+000   1.55307387E+000   4.85361877E+000   4.85725206E+000   4.86351803E+000   4.86487942E+000
 2.22498843E+000  -4.74013984E+000  -4.47208493E+000  -3.35164222E+000  -1.86660109E+000  -1.12616236E+000  -1.00140597E+000  -8.94982910E-001  -7.17871577E-001   1.16316646E-001   1.08642805E+000   1.29326491E+000   1.30361227E+000   1.49646135E+000   1.53921793E+000   4.85687643E+000   4.85930667E+000   4.86418486E+000   4.86501454E+000
 2.23634041E+000  -4.75558279E+000  -4.48783929E+000  -3.35664726E+000  -1.87063695E+000  -1.12986456E+000  -9.94397545E-001  -8.89512576E-001  -7.13533813E-001   1.13634195E-001   1.13163846E+000   1.27264886E+000   1.30460864E+000   1.44297291E+000   1.54349133E+000   4.86013200E+000   4.86152531E+000   4.86463982E+000   4.86508157E+000
 2.24769239E+000  -4.76671863E+000  -4.49923639E+000  -3.36015761E+000  -1.87354934E+000  -1.13252614E+000  -9.89571132E-001  -8.85450060E-001  -7.10483567E-001   1.11780610E-001   1.17727030E+000   1.25812333E+000   1.30168706E+000   1.39518054E+000   1.54649811E+000   4.86285647E+000   4.86346131E+000   4.86491343E+000   4.86509529E+000
 2.25904437E+000  -4.77322591E+000  -4.50591103E+000  -3.36217030E+000  -1.87525280E+000  -1.13407407E+000  -9.86840448E-001  -8.83036022E-001  -7.08731273E-001   1.10727871E-001   1.22168289E+000   1.24977234E+000   1.28822783E+000   1.36132391E+000   1.54822554E+000   4.86459825E+000   4.86472713E+000   4.86504905E+000   4.86508662E+000
 2.27039636E+000  -4.77490200E+000  -4.50763201E+000  -3.36268408E+000  -1.87569180E+000  -1.13447165E+000  -9.86147812E-001  -8.82409884E-001  -7.08283524E-001   1.10460276E-001   1.24593621E+000   1.24763805E+000   1.27216533E+000   1.35239330E+000   1.54866691E+000   4.86506498E+000   4.86506949E+000   4.86508087E+000   4.86508218E+000
