# npulse_e = 2
#    pol_e = (  1.000000000E+00, 0.000000000E+00, 0.000000000E+00 ) in-phase    
#          = (  0.000000000E+00, 0.000000000E+00, 0.000000000E+00 ) out-of-phase
#     hE_0 =  2.667700000E-01
#     hw_e =  1.140000000E-01
#    tau_e =  2.070000000E+01
#  delay_e =  0.000000000E+00
#    pol_e = (  1.000000000E+00, 0.000000000E+00, 0.000000000E+00 ) in-phase    
#          = (  0.000000000E+00, 1.000000000E+00, 0.000000000E+00 ) out-of-phase
#     hE_0 =  2.000000000E-01
#     hw_e =  1.140000000E-01
#    tau_e =  6.832000000E+02
#  delay_e =  1.138700000E+03
#    Time [ps]   , dMdt_orb
 3.292652680E-07  -7.677927459E-18  -2.193693560E-18  -3.931098859E-15  -1.405334937E-17   9.597409324E-19   6.458233840E-15   2.742116950E-19  -3.701857882E-17   4.211891635E-15   1.837218356E-17  -3.455067356E-17   4.773477186E-15  -4.168017763E-17   1.952387268E-16  -8.985368820E-15   2.434999851E-16   1.853671058E-16   0.000000000E+00   1.250405329E-16  -1.014583271E-16  -4.492684410E-15   2.193693560E-17  -4.168017763E-17  -4.492684410E-15   7.348873425E-17   2.138851221E-17   0.000000000E+00
 5.811646319E-07   3.466280870E-19   1.039884261E-18  -3.691450475E-14   6.161314246E-17   1.594489200E-17   4.614313094E-14  -2.530385035E-17  -4.159537044E-18   3.478482178E-14  -2.842350313E-17   2.565047844E-17   3.513976894E-14   8.804353409E-16  -4.156764019E-15  -2.271661831E-14   7.736738901E-16  -3.994542074E-15  -1.135830915E-14   7.071212974E-16  -3.750515901E-15  -2.839577288E-14   9.705586435E-17  -1.329665342E-15  -1.135830915E-14   1.386512348E-16  -1.306787888E-15  -2.839577288E-15
 8.177086178E-07   1.924961199E-18  -2.540948782E-17  -1.505966444E-13   9.624805993E-20  -1.000979823E-17   1.923852421E-13   2.098207706E-17  -1.347472839E-17   1.482312521E-13  -7.699844794E-19   1.770964303E-17   1.474427880E-13   6.945260004E-16  -4.059358176E-15  -1.198465443E-13   4.250314326E-16  -3.997759417E-15  -5.676941570E-14   8.716224307E-16  -4.416630974E-15  -1.135388314E-13   7.538148054E-16  -1.273554329E-15  -5.676941570E-14   2.864342263E-16  -1.293573925E-15   0.000000000E+00
 1.030681194E-06  -4.055358712E-17   2.902783078E-17  -4.104603573E-13  -4.855758457E-17   1.750207444E-17   5.258613523E-13  -4.866430454E-17   4.140734684E-17   4.060891075E-13  -2.646655159E-17   3.415038915E-17   4.056519825E-13   7.137431332E-16  -4.432720512E-15  -3.147299864E-13   9.579184157E-16  -4.306364072E-15  -1.468739937E-13   3.824843585E-16  -4.120244451E-15  -3.217239861E-13   1.306252385E-16  -1.587993095E-15  -1.328859943E-13   6.420273160E-16  -1.700689380E-15  -1.049099955E-14
 1.222755818E-06  -6.305622817E-17  -6.445747768E-17  -8.594928224E-13  -1.985103479E-18  -2.755790712E-17   1.114901374E-12   1.401249515E-18  -1.167707929E-17   8.633191677E-13   2.335415858E-19  -4.016915276E-17   8.614059951E-13   8.930630241E-16  -4.420475136E-15  -6.810894708E-13   5.754464674E-16  -4.084175252E-15  -3.137603180E-13   8.145930513E-16  -4.149566897E-15  -6.810894708E-13   3.213532221E-16  -1.703919410E-15  -2.984549367E-13   3.120115586E-16  -1.046266304E-15  -1.530538137E-14
 1.398297979E-06   1.007639148E-18   1.914514381E-17  -1.550313287E-12  -1.209166977E-17  -2.720625699E-17   2.022372075E-12  -2.645052763E-17  -9.320662116E-18   1.566822447E-12  -4.660331058E-17   4.937431824E-17   1.564758802E-12   9.149363461E-16  -3.958006572E-15  -1.246441565E-12   6.428737762E-16  -3.651684271E-15  -5.613114331E-13   7.436376910E-16  -4.244176090E-15  -1.238186985E-12   3.305056405E-16  -1.402633694E-15  -5.241658235E-13   1.914514381E-16  -1.636405976E-15  -3.714560954E-14
 1.561040345E-06  -2.523042696E-17  -9.125899115E-18  -2.531923807E-12  -4.133495481E-17   2.039906861E-17   3.311400133E-12  -2.039906861E-17   1.959384222E-17   2.567654386E-12  -5.099767152E-18  -6.978628735E-18   2.564905880E-12   7.687227960E-16  -4.494236905E-15  -2.022900480E-12   8.932644781E-16  -3.925210255E-15  -9.322932645E-13   1.062898838E-15  -4.264478975E-15  -2.022900480E-12   1.546034674E-16  -1.206765954E-15  -8.707267281E-13   2.147270380E-18  -9.018535596E-16  -6.596414607E-14
 1.713778985E-06  -4.205592782E-17  -2.945330972E-17  -3.860794214E-12  -9.628966640E-18  -1.529306466E-17   5.054151698E-12  -4.078150577E-17  -5.097688221E-17   3.923144605E-12   2.832049012E-19  -3.908227636E-17   3.916764565E-12   4.667216771E-16  -4.379480592E-15  -3.099539439E-12   6.479728139E-16  -3.833461542E-15  -1.429128963E-12   3.692991911E-16  -3.955806060E-15  -3.099539439E-12   3.307833246E-16  -1.209851338E-15  -1.327048323E-12   5.800036376E-16  -1.393368114E-15  -1.020806402E-13
 1.858537760E-06  -2.891378124E-17   5.278618524E-17  -5.591758037E-12  -4.982066921E-17   6.642755895E-17   7.323277767E-12  -6.761376536E-17   6.405514613E-17   5.685895377E-12  -4.744825639E-18   7.473100382E-17   5.679214663E-12   1.371254610E-15  -3.800605337E-15  -4.489440144E-12   5.931032049E-16  -4.232384470E-15  -2.060089417E-12   9.038892843E-16  -3.900246675E-15  -4.489440144E-12   6.025928562E-16  -1.992826768E-15  -1.924045776E-12   1.589516589E-16  -1.093682310E-15  -1.554784465E-13
 1.996781473E-06  -5.710911269E-17  -9.878333006E-18  -7.781913662E-12   1.605229113E-17  -2.840020739E-17   1.019633630E-11  -1.913927020E-17   6.791353942E-18   7.921632804E-12  -3.580895715E-17  -7.408749755E-18   7.911517391E-12  -1.481749951E-17  -4.667512345E-15  -6.271556059E-12   8.989283035E-16  -4.346466523E-15  -2.882892704E-12   7.408749755E-16  -4.050116532E-15  -6.231094407E-12   1.580533281E-16  -9.162153863E-16  -2.690699858E-12   2.667149912E-16  -1.787978274E-15  -2.073659665E-13
 2.129585725E-06   2.878709898E-18  -7.164789081E-17  -1.049187148E-11  -1.471340615E-17   1.087512628E-17   1.375639503E-11  -2.494881912E-17   4.733878500E-17   1.068740881E-11  -6.205219114E-17   3.070623892E-17   1.067365241E-11   8.955986351E-16  -4.104400602E-15  -8.447736684E-12   6.704195497E-16  -3.336744629E-15  -3.867512204E-12   1.003070471E-15  -3.735925735E-15  -8.447736684E-12   1.228249557E-16  -1.548106212E-15  -3.621207226E-12   2.865915632E-16  -7.062434951E-16  -2.882292293E-13
 2.257756873E-06  -2.377434961E-17   7.924783205E-18  -1.378870012E-11  -9.311620266E-17  -5.415268523E-17   1.808422848E-11  -2.311395101E-17  -4.903459608E-17   1.405243691E-11  -5.349228663E-17  -6.603986004E-18   1.403553070E-11   5.600180131E-16  -3.320484163E-15  -1.112292985E-11   7.898367261E-16  -3.972957980E-15  -5.107026156E-12   3.724648106E-16  -4.385046707E-15  -1.107964997E-11   3.486904610E-16  -3.698232162E-16  -4.771607065E-12   8.822925301E-16  -1.584956641E-15  -3.732889881E-13
 2.381913389E-06  -5.029936400E-17  -2.854828767E-17  -1.773286949E-11  -6.185462329E-17   1.053567759E-17   2.326634330E-11  -4.282243151E-17   5.607699365E-18   1.808088671E-11  -5.131894570E-17   7.001127692E-17   1.805791757E-11   3.588927593E-16  -3.885286008E-15  -1.429933158E-11   6.606889433E-16  -4.255054306E-15  -6.570565136E-12   3.833627202E-16  -4.176206654E-15  -1.427705848E-11  -3.806438357E-17  -1.291470157E-15  -6.136239644E-12   3.643305284E-16  -1.468197652E-15  -4.844399719E-13
 2.502540489E-06   1.954095588E-17  -5.164395481E-17  -2.239326546E-11   2.303041228E-17   3.175405330E-17   2.938745372E-11   2.390277638E-17  -3.419667278E-17   2.284063052E-11   3.489456406E-19  -3.192852612E-17   2.281204489E-11   9.044671005E-16  -4.600499326E-15  -1.806611619E-11   8.039707560E-16  -3.548079274E-15  -8.301266046E-12   1.334368130E-15  -3.885858654E-15  -1.803181344E-11   2.400746008E-16  -2.414703833E-15  -7.752422010E-12   3.517372058E-16  -8.151370165E-16  -6.174495406E-13
 2.620026968E-06  -8.866916744E-17   4.290443586E-18  -2.783630645E-11  -6.507172771E-17   2.109468096E-17   3.654222287E-11  -6.096005261E-17  -4.504965765E-17   2.839902959E-11  -1.601765605E-16  -2.323990276E-18   2.836388228E-11   1.352919877E-15  -4.519267243E-15  -2.247084932E-11   9.839417290E-16  -4.713767353E-15  -1.033331027E-11   2.974707553E-16  -3.443796051E-15  -2.241227047E-11  -2.030809964E-16  -2.745883895E-16  -9.642079767E-12  -5.949415105E-16  -1.121235924E-15  -7.615251335E-13
 2.734690341E-06  -6.875156439E-17  -2.230768845E-17  -3.413204474E-11  -3.437578220E-17  -8.045395833E-18   4.481511335E-11   3.656998106E-18   6.655736553E-17   3.483231599E-11   7.313996212E-18   1.755359091E-17   3.478737880E-11  -3.803278030E-17  -3.715510076E-15  -2.753751170E-11   5.851196970E-16  -4.008069924E-15  -1.264233022E-11   5.617149091E-16  -4.224564212E-15  -2.750156195E-11   8.484235606E-17  -1.603227970E-15  -1.182147750E-11   1.187792985E-15  -1.179016189E-15  -9.466768601E-13
 2.846794295E-06  -5.901087025E-17   2.390313732E-17  -4.134898551E-11   1.979478559E-17  -3.884259814E-17   5.430104388E-11  -9.094396777E-17   4.108351727E-17   4.220337925E-11  -1.045762258E-17   3.734865206E-18   4.214907132E-11   1.171253729E-15  -3.543640107E-15  -3.338637241E-11   1.912250985E-16  -3.926090305E-15  -1.533472310E-11   8.605129435E-16  -3.713949961E-15  -3.331294197E-11   5.975784330E-18  -8.246582375E-16  -1.433117379E-11   0.000000000E+00  -6.364210311E-16  -1.156529396E-12
 2.956561027E-06  -6.933102016E-17  -2.247544060E-17  -4.955799606E-11   4.190336383E-18   6.761679164E-17   6.509692143E-11  -2.780859600E-17  -9.523491781E-17   5.059054371E-11  -7.390229622E-17  -4.799839857E-17   5.052813055E-11   3.535120149E-16  -3.925202372E-15  -4.000683283E-11   1.591565946E-15  -3.717971191E-15  -1.839939831E-11   8.929225894E-16  -3.961772581E-15  -3.994441967E-11   4.754127097E-16  -1.334812608E-15  -1.716985914E-11  -1.828510422E-16  -2.017456499E-15  -1.366848111E-12
 3.064180153E-06   1.086664269E-17  -2.677851234E-17  -5.883674758E-11  -9.566526509E-17   5.976653479E-17   7.729280255E-11  -8.984384937E-17   5.821415726E-17   6.006990661E-11  -7.373793253E-17  -6.209510108E-18   5.999360415E-11   1.049407208E-15  -3.377973499E-15  -4.752371563E-11   1.606710740E-16  -3.778486900E-15  -2.184793777E-11   3.244469031E-16  -4.529837623E-15  -4.742197902E-11   5.961129703E-16  -1.608263118E-15  -2.041090810E-11   8.072363140E-16  -1.099083289E-15  -1.640502894E-12
 3.169815268E-06  -1.445626825E-16  -5.924700103E-18  -6.925520035E-11   4.206537073E-17  -9.045042157E-17   9.099206871E-11   4.739760082E-18  -2.922852051E-17   7.071165911E-11  -1.816908031E-17   7.741608134E-17   7.062348693E-11   7.394025728E-16  -4.287902954E-15  -5.593837042E-11   4.992547286E-16  -3.599057822E-15  -2.570421186E-11   8.420973746E-16  -4.379538316E-15  -5.582188608E-11  -1.263936022E-16  -1.515143306E-15  -2.400871752E-11   7.078041723E-16  -1.598879068E-15  -1.941405730E-12
 3.273608862E-06  -1.927782634E-17   1.526161252E-17  -8.088256225E-11  -4.337510926E-17  -2.208917601E-18   1.062894008E-10  -1.927782634E-17  -9.156967510E-17   8.259916273E-11  -3.534268162E-17  -3.775240991E-17   8.249305757E-11   8.996318957E-17  -4.880503034E-15  -6.531471504E-11   6.586590665E-16  -4.562418900E-15  -3.005819245E-11   1.285188422E-15  -3.688490772E-15  -6.519627208E-11   6.425942112E-16  -7.919973653E-16  -2.807098271E-11   0.000000000E+00  -1.812115676E-15  -2.256996500E-12
 3.375686084E-06  -9.507326148E-17   1.468943096E-17  -9.380177045E-11   1.224119247E-17  -1.224119247E-17   1.232840460E-10  -6.855067781E-17   1.938188807E-17   9.580151777E-11  -8.976874475E-18  -7.834363178E-17   9.568201762E-11   9.792953972E-16  -3.440591162E-15  -7.577145366E-11   5.451411045E-16  -3.342661623E-15  -3.485727540E-11   7.507931379E-16  -2.898714376E-15  -7.563774720E-11   4.700617907E-16  -1.547286728E-15  -3.253746823E-11   9.009517655E-16  -1.021731531E-15  -2.627332035E-12
 3.476157655E-06  -4.556787968E-18  -9.030725245E-17  -1.080871432E-10   1.077058974E-17  -5.550996252E-17   1.420834459E-10   1.491312426E-17  -3.956120463E-17   1.104036750E-10  -7.373711439E-17  -4.391086587E-17   1.102653872E-10   6.893177435E-16  -3.042277349E-15  -8.733677020E-11   1.365379377E-15  -3.671942595E-15  -4.016622677E-11   7.191439920E-16  -4.401028670E-15  -8.716030486E-11   5.037321972E-16  -9.676960630E-16  -3.751245950E-11  -1.060488836E-16  -1.408461736E-15  -3.033846462E-12
 3.575122176E-06  -1.143157436E-16   1.639086029E-17  -1.238259527E-10  -6.220121341E-17   4.707118853E-17   1.627830366E-10  -7.438928901E-17  -3.530339140E-17   1.264860397E-10  -5.967954260E-17   9.099028854E-17   1.263259439E-10   1.156606347E-15  -3.994326569E-15  -1.000512906E-10   4.774363408E-16  -4.034673302E-15  -4.605251421E-11   8.977148098E-16  -3.352141069E-15  -9.985848701E-11   1.042290603E-16  -1.647491598E-15  -4.296765680E-11  -3.496716862E-16  -3.866561915E-16  -3.484236273E-12
 3.672667965E-06  -3.068127539E-17  -1.278386475E-18  -1.410817223E-10  -7.457254436E-17   1.491450887E-17   1.854940275E-10  -9.673124325E-17  -5.326610311E-17   1.441257411E-10  -6.306706608E-17  -4.964400810E-17   1.439442171E-10   1.909057136E-16  -3.865840699E-15  -1.140110739E-10   8.249854050E-16  -3.736297537E-15  -5.247441712E-11   4.159017331E-16  -4.332877891E-15  -1.137736963E-10   4.670371921E-16  -1.084071731E-15  -4.896960639E-11   3.749933659E-16  -1.465883158E-15  -3.972584266E-12
 3.768874540E-06  -1.079542277E-16   6.909070575E-18  -1.599473053E-10  -1.079542277E-17  -6.347708591E-17   2.103178567E-10  -1.144314814E-17   1.943176099E-17   1.634069256E-10   1.209087351E-17   1.381814115E-17   1.632017539E-10   3.938170228E-16  -4.822531261E-15  -1.292440589E-10  -6.425435635E-16  -3.647989264E-15  -5.949981034E-11   1.146905715E-15  -4.235260263E-15  -1.289893629E-10   1.554540879E-16  -4.629077285E-16  -5.551664825E-11   6.701798458E-16  -1.233269098E-15  -4.499628939E-12
 3.863813838E-06  -8.528397988E-17  -5.685598659E-17  -1.804961836E-10  -6.297893899E-17  -5.641863284E-17   2.373588320E-10  -6.188555463E-17  -5.773069407E-17   1.844112904E-10  -6.910189139E-17  -3.761242190E-17   1.841801996E-10   1.336553039E-15  -3.316890787E-15  -1.458773606E-10   2.386202022E-15  -4.289565511E-15  -6.717036932E-11   1.329555379E-16  -3.827719958E-15  -1.456050677E-10   6.332882198E-16  -2.407195001E-15  -6.267753578E-11  -1.119625582E-16  -1.042651323E-15  -5.101909852E-12
 3.957551220E-06   4.250392003E-17   1.283972584E-17  -2.028096646E-10   2.855732127E-17   6.685512422E-17   2.667351070E-10  -1.770996668E-18   1.217560209E-17   2.072250852E-10   1.593897001E-17   5.401539837E-17   2.069639411E-10  -7.083986672E-17  -4.856072864E-15  -1.639114371E-10   4.746271070E-16  -4.122880243E-15  -7.547064047E-11   1.013010094E-15  -4.052040376E-15  -1.635922610E-10   2.125196002E-16  -1.211361721E-15  -7.040009283E-11   1.636400921E-15  -7.792385339E-16  -5.716153853E-12
 4.050146300E-06  -1.276834276E-16   1.388837282E-17  -2.269823615E-10   2.486466748E-17  -6.003361156E-17   2.985445483E-10  -1.182751750E-16  -6.048162359E-18   2.319292171E-10  -1.568042093E-16  -1.075228864E-16   2.316374430E-10   1.347620176E-15  -2.541124215E-15  -1.834616847E-10   4.946052774E-16  -3.419227787E-15  -8.448603629E-11   3.010640819E-16  -3.655778137E-15  -1.830946733E-10  -2.795595046E-16  -1.985589302E-15  -7.882671970E-11   1.075228864E-16  -1.577002334E-15  -6.422700413E-12
 4.141653653E-06  -3.625202403E-17  -7.250404806E-18  -2.530788020E-10  -1.268820841E-16   2.582956712E-17   3.329042508E-10  -7.069144686E-17   6.434734266E-17   2.586146310E-10  -6.162844085E-17   1.377576913E-16   2.582879568E-10   6.162844085E-16  -4.694637112E-15  -2.045574689E-10   8.917997912E-16  -3.922469000E-15  -9.424551794E-11   1.682093915E-15  -4.292239645E-15  -2.041713993E-10   2.755153826E-16  -1.399328128E-15  -8.788279469E-11   2.610145730E-16  -4.205234788E-16  -7.157135599E-12
 4.232123403E-06  -4.856614890E-17  -8.888521590E-17  -2.812095114E-10  -2.794844418E-17   1.017140100E-16   3.699234225E-10  -5.956225808E-17  -1.099610918E-17   2.873584183E-10   5.268968984E-17  -6.597665510E-17   2.869990362E-10   1.429494194E-15  -3.364809410E-15  -2.273021857E-10   1.370848278E-15  -4.567050681E-15  -1.047181470E-10   7.367393153E-16  -4.266490363E-15  -2.268517851E-10   7.220778364E-16  -2.345836626E-16  -9.766937709E-11   1.319533102E-16  -2.133245182E-15  -7.949571158E-12
 4.321601732E-06  -9.539475711E-17  -2.408022995E-17  -3.114296584E-10  -1.273473699E-16  -1.078979534E-16   4.097142209E-10  -8.150231676E-17  -1.136864702E-16   3.182609159E-10  -9.493167577E-17  -1.481860305E-17   3.178587982E-10   8.742975797E-16  -3.271206623E-15  -2.517407995E-10   7.261115493E-16  -3.074860132E-15  -1.159767891E-10   6.038580741E-16  -3.967680966E-15  -2.512248750E-10   1.111395228E-17  -1.763413763E-15  -1.081620506E-10   7.409301523E-17  -1.415176591E-15  -8.831413220E-12
 4.410131307E-06  -1.263294047E-16  -3.743093473E-17  -3.438509872E-10  -5.614640210E-17   5.450879870E-17   4.523927925E-10  -2.526588094E-17   5.029781855E-17   3.513999384E-10  -1.590814726E-17   2.807320105E-18   3.509591517E-10   6.737568252E-17  -3.488563117E-15  -2.779332546E-10   7.111877599E-16  -4.109916634E-15  -1.280964443E-10   6.381974372E-16  -3.701919445E-15  -2.774273081E-10  -1.197789911E-16  -1.347513650E-15  -1.194340277E-10   3.593369734E-16  -8.234805641E-16  -9.766299822E-12
 4.497751656E-06  -1.465037436E-16  -3.780741770E-17  -3.785402063E-10  -6.450890645E-17   4.607779032E-17   4.980716542E-10  -7.656002084E-17  -1.915182003E-16   3.868701786E-10  -1.616267107E-16   5.387557022E-17   3.863823721E-10   9.149395083E-16  -4.521767157E-15  -3.060327172E-10   1.111538080E-15  -3.621950615E-15  -1.410302579E-10   1.536871529E-15  -4.143692980E-15  -3.054132805E-10   2.646519239E-16  -1.391312971E-15  -1.314909322E-10   3.024593416E-16  -1.255206268E-15  -1.073174137E-11
 4.584499490E-06  -5.631013040E-17  -1.527054384E-17  -4.156084963E-10  -2.457603149E-17   3.817635959E-18   5.468692046E-10  -8.971444504E-17  -3.471662701E-17   4.247595835E-10  -1.813377081E-17  -1.307540316E-16   4.242240150E-10   6.871744727E-16  -3.726012696E-15  -3.359461005E-10   5.191984905E-16  -3.657295249E-15  -1.548379393E-10   1.908817980E-16  -3.428237091E-15  -3.353206191E-10   1.259819867E-15  -1.297996226E-15  -1.443845801E-10  -1.068938069E-16  -1.618677647E-15  -1.179814433E-11
 4.670408979E-06  -6.936863669E-17   6.551482354E-17  -4.551243573E-10  -6.696000347E-17  -3.372086506E-17   5.988971154E-10  -9.586360209E-17   4.624575779E-17   4.651568503E-10  -4.239194464E-17   1.098336748E-16   4.645708241E-10   1.364249855E-15  -3.930889413E-15  -3.679534470E-10   9.249151559E-17  -4.208363959E-15  -1.696279597E-10   4.971418963E-16  -4.169825828E-15  -3.672115417E-10  -1.734215917E-16  -1.233220208E-15  -1.581126427E-10   4.393346990E-16  -6.474406091E-16  -1.293598669E-11
 4.755512004E-06  -1.507106691E-17  -5.056099866E-17  -4.971821993E-10  -1.176515546E-16  -4.229622003E-17   6.542798582E-10  -3.160062416E-17  -7.973080558E-17   5.081573897E-10  -8.264778627E-17  -6.368741177E-17   5.075191699E-10   2.489156857E-16  -4.091551584E-15  -4.019291360E-10   1.474047576E-15  -3.500376830E-15  -1.853047844E-10   3.422590678E-16  -4.044879893E-15  -4.011485364E-10   8.050866709E-16  -5.795068308E-16  -1.727435032E-10   5.250565245E-16  -1.742409800E-15  -1.413044565E-11
 4.839838366E-06  -1.447030668E-16  -9.810377413E-17  -5.418839348E-10   3.384580208E-17   7.112523625E-17   7.131331295E-10  -5.346655690E-17  -1.079141515E-17   5.538515279E-10  -1.049710383E-16   6.622004754E-17   5.531533430E-10  -8.162234008E-16  -2.978430583E-15  -4.380944741E-10   1.997392841E-15  -4.559863422E-15  -2.019773687E-10   8.947064201E-16  -4.787464178E-15  -4.372425880E-10   4.787464178E-16  -1.565736235E-15  -1.882748614E-10  -8.672373633E-16  -1.294969819E-15  -1.541431614E-11
 4.923415975E-06  -1.068760619E-16   9.796972338E-17  -5.893037750E-10  -2.063301750E-16  -8.411541906E-17   7.755775724E-10  -1.053916721E-16   1.029176892E-16   6.023292911E-10  -1.068760619E-16  -1.326054842E-16   6.015733369E-10   1.662516518E-15  -3.978164525E-15  -4.764173201E-10   9.500094388E-17  -2.992529732E-15  -2.196928494E-10   1.060843873E-15  -2.802527845E-15  -4.755093644E-10   3.325033036E-16  -1.274595997E-15  -2.047521143E-10   7.995912777E-16  -8.787587309E-16  -1.676475323E-11
