# Ef    7.879454793E-01
#    energy      ,  LDOS SUM       ,  LDOS S         ,  LDOS P         ,  LDOS D
-2.000000000E+00   3.005910859E-04   3.219956511E-05   6.469214252E-05   2.036993783E-04
-1.960000000E+00   3.087829987E-04   3.304896109E-05   6.607343627E-05   2.096606013E-04
-1.920000000E+00   3.173200358E-04   3.393276935E-05   6.749978419E-05   2.158874823E-04
-1.880000000E+00   3.262221266E-04   3.485289262E-05   6.897318455E-05   2.223960494E-04
-1.840000000E+00   3.355106755E-04   3.581136817E-05   7.049574876E-05   2.292035586E-04
-1.800000000E+00   3.452086970E-04   3.681037956E-05   7.206970925E-05   2.363286082E-04
-1.760000000E+00   3.553409634E-04   3.785226948E-05   7.369742805E-05   2.437912659E-04
-1.720000000E+00   3.659341710E-04   3.893955405E-05   7.538140597E-05   2.516132110E-04
-1.680000000E+00   3.770171230E-04   4.007493854E-05   7.712429267E-05   2.598178918E-04
-1.640000000E+00   3.886209341E-04   4.126133493E-05   7.892889753E-05   2.684307017E-04
-1.600000000E+00   4.007792593E-04   4.250188128E-05   8.079820159E-05   2.774791765E-04
-1.560000000E+00   4.135285487E-04   4.379996340E-05   8.273537036E-05   2.869932149E-04
-1.520000000E+00   4.269083332E-04   4.515923886E-05   8.474376803E-05   2.970053263E-04
-1.480000000E+00   4.409615457E-04   4.658366396E-05   8.682697275E-05   3.075509090E-04
-1.440000000E+00   4.557348814E-04   4.807752374E-05   8.898879353E-05   3.186685641E-04
-1.400000000E+00   4.712792044E-04   4.964546571E-05   9.123328861E-05   3.304004500E-04
-1.360000000E+00   4.876500066E-04   5.129253768E-05   9.356478565E-05   3.427926832E-04
-1.320000000E+00   5.049079270E-04   5.302423038E-05   9.598790392E-05   3.558957927E-04
-1.280000000E+00   5.231193412E-04   5.484652544E-05   9.850757860E-05   3.697652371E-04
-1.240000000E+00   5.423570306E-04   5.676594972E-05   1.011290877E-04   3.844619932E-04
-1.200000000E+00   5.627009470E-04   5.878963678E-05   1.038580816E-04   4.000532286E-04
-1.160000000E+00   5.842390845E-04   6.092539671E-05   1.067006157E-04   4.166130721E-04
-1.120000000E+00   6.070684804E-04   6.318179570E-05   1.096631866E-04   4.342234981E-04
-1.080000000E+00   6.312963640E-04   6.556824679E-05   1.127527724E-04   4.529753448E-04
-1.040000000E+00   6.570414817E-04   6.809511382E-05   1.159768771E-04   4.729694908E-04
-1.000000000E+00   6.844356280E-04   7.077383073E-05   1.193435800E-04   4.943182173E-04
-9.600000000E-01   7.136254221E-04   7.361703902E-05   1.228615915E-04   5.171467916E-04
-9.200000000E-01   7.447743740E-04   7.663874643E-05   1.265403146E-04   5.415953130E-04
-8.800000000E-01   7.780652979E-04   7.985451097E-05   1.303899142E-04   5.678208728E-04
-8.400000000E-01   8.137031402E-04   8.328165495E-05   1.344213952E-04   5.960000900E-04
-8.000000000E-01   8.519183060E-04   8.693951478E-05   1.386466900E-04   6.263321012E-04
-7.600000000E-01   8.929705884E-04   9.084973378E-05   1.430787572E-04   6.590420974E-04
-7.200000000E-01   9.371538289E-04   9.503660671E-05   1.477316943E-04   6.943855279E-04
-6.800000000E-01   9.848014694E-04   9.952748688E-05   1.526208648E-04   7.326531177E-04
-6.400000000E-01   1.036293197E-03   1.043532695E-04   1.577630429E-04   7.741768843E-04
-6.000000000E-01   1.092062935E-03   1.095489684E-04   1.631765803E-04   8.193373866E-04
-5.600000000E-01   1.152608509E-03   1.151544067E-04   1.688815963E-04   8.685725060E-04
-5.200000000E-01   1.218503388E-03   1.212150511E-04   1.749001977E-04   9.223881394E-04
-4.800000000E-01   1.290411050E-03   1.277830210E-04   1.812567329E-04   9.813712964E-04
-4.400000000E-01   1.369102650E-03   1.349183222E-04   1.879780881E-04   1.046206240E-03
-4.000000000E-01   1.455478898E-03   1.426903598E-04   1.950940333E-04   1.117694505E-03
-3.600000000E-01   1.550597346E-03   1.511798107E-04   2.026376284E-04   1.196779907E-03
-3.200000000E-01   1.655706663E-03   1.604809564E-04   2.106457049E-04   1.284580002E-03
-2.800000000E-01   1.772290045E-03   1.707046151E-04   2.191594382E-04   1.382425991E-03
-2.400000000E-01   1.902120651E-03   1.819818582E-04   2.282250346E-04   1.491913759E-03
-2.000000000E-01   2.047333075E-03   1.944687686E-04   2.378945615E-04   1.614969745E-03
-1.600000000E-01   2.210516375E-03   2.083525961E-04   2.482269609E-04   1.753936818E-03
-1.200000000E-01   2.394836505E-03   2.238598138E-04   2.592892964E-04   1.911687394E-03
-8.000000000E-02   2.604199306E-03   2.412667966E-04   2.711583085E-04   2.091774201E-03
-4.000000000E-02   2.843470276E-03   2.609141753E-04   2.839223741E-04   2.298633726E-03
 0.000000000E+00   3.118775047E-03   2.832264348E-04   2.976840135E-04   2.537864599E-03
 4.000000000E-02   3.437916549E-03   3.087391434E-04   3.125631467E-04   2.816614259E-03
 8.000000000E-02   3.810964050E-03   3.381375299E-04   3.287013994E-04   3.144125120E-03
 1.200000000E-01   4.251100720E-03   3.723123655E-04   3.462679145E-04   3.532520440E-03
 1.600000000E-01   4.775869204E-03   4.124429870E-04   3.654673790E-04   3.997958838E-03
 2.000000000E-01   5.409046317E-03   4.601242915E-04   3.865514109E-04   4.562370615E-03
 2.400000000E-01   6.183542621E-03   5.175676959E-04   4.098352208E-04   5.256139704E-03
 2.800000000E-01   7.146030757E-03   5.879321084E-04   4.357228820E-04   6.122375767E-03
 3.200000000E-01   8.364612336E-03   6.758956921E-04   4.647473162E-04   7.223969328E-03
 3.600000000E-01   9.942098572E-03   7.887026583E-04   4.976368327E-04   8.655759081E-03
 4.000000000E-01   1.204034496E-02   9.382231172E-04   5.354328469E-04   1.056668899E-02
 4.400000000E-01   1.492846567E-02   1.145397820E-03   5.797147079E-04   1.320335314E-02
 4.800000000E-01   1.909564130E-02   1.451079710E-03   6.330749466E-04   1.701148665E-02
 5.200000000E-01   2.867034818E-02   1.947501803E-03   7.004858425E-04   2.602236053E-02
 5.600000000E-01   5.709026290E-02   2.973140556E-03   8.037363285E-04   5.331338602E-02
 6.000000000E-01   9.049181936E-02   6.324359079E-03   1.063189187E-03   8.310427110E-02
 6.400000000E-01   1.408457268E-01   3.292475522E-02   1.307851299E-03   1.066131202E-01
 6.800000000E-01   2.047521619E+00   8.520140626E-01   1.838287125E-02   1.177124685E+00
 7.200000000E-01   2.120291188E+01   1.599754831E+00   5.865415278E-02   1.954450290E+01
 7.600000000E-01   2.107116634E+01   3.154223695E-01   1.578057221E-01   2.059793825E+01
 8.000000000E-01   6.303058811E+01   2.313129242E-01   9.995131054E-02   6.269932388E+01
 8.400000000E-01   1.318638497E+01   9.892397486E-01   6.023946523E-02   1.213690576E+01
 8.800000000E-01   2.020626191E+00   1.162605068E+00   5.760180095E-02   8.004193225E-01
 9.200000000E-01   7.652255950E-01   5.117419811E-01   4.118779672E-02   2.122958172E-01
 9.600000000E-01   1.479585458E+00   1.149181120E+00   1.175712477E-01   2.128330902E-01
 1.000000000E+00   1.351239179E+00   1.083294900E+00   1.521984727E-01   1.157458063E-01
 1.040000000E+00   6.579339541E-01   5.145847164E-01   9.370866741E-02   4.964057032E-02
 1.080000000E+00   6.365346655E-01   4.913659274E-01   1.012062489E-01   4.396248932E-02
 1.120000000E+00   4.646770838E-01   3.535616501E-01   6.995982842E-02   4.115560527E-02
 1.160000000E+00   2.721488192E+00   2.176469117E+00   3.147912796E-01   2.302277952E-01
 1.200000000E+00   1.475501955E+00   1.137100282E+00   2.457827218E-01   9.261895088E-02
 1.240000000E+00   3.963012059E+00   3.291989489E+00   3.440482765E-01   3.269742938E-01
 1.280000000E+00   2.245407452E+00   1.592430828E+00   5.665037183E-01   8.647290503E-02
 1.320000000E+00   6.836925286E-01   4.507597541E-01   2.073057721E-01   2.562700241E-02
 1.360000000E+00   4.917318628E-01   2.900772990E-01   1.860017001E-01   1.565286370E-02
 1.400000000E+00   6.602795904E-01   2.774015499E-01   3.731369547E-01   9.741085797E-03
 1.440000000E+00   2.297752192E-01   6.843041332E-02   1.558573060E-01   5.487499818E-03
 1.480000000E+00   1.207514955E+00   7.057830777E-02   1.132005006E+00   4.931640439E-03
 1.520000000E+00   2.830539926E+00   6.118467527E-02   2.753139757E+00   1.621549372E-02
 1.560000000E+00   2.844445129E+00   3.128457941E-02   2.801875235E+00   1.128531508E-02
 1.600000000E+00   9.762239486E-01   5.422623366E-02   9.094744008E-01   1.252331418E-02
 1.640000000E+00   5.406287447E-01   3.223855875E-02   4.989817395E-01   9.408446466E-03
 1.680000000E+00   4.033070190E-01   3.497864323E-02   3.611544661E-01   7.173909679E-03
 1.720000000E+00   1.095241150E+00   1.521817634E-01   9.264133954E-01   1.664599166E-02
 1.760000000E+00   2.128585811E+00   5.549869366E-01   1.545729110E+00   2.786976482E-02
 1.800000000E+00   9.178236477E+00   1.733248617E+00   7.380855743E+00   6.413211700E-02
 1.840000000E+00   6.370649032E+00   8.262463530E-01   5.521768293E+00   2.263438588E-02
 1.880000000E+00   1.176426812E+01   1.016780902E-01   1.165128057E+01   1.130945159E-02
 1.920000000E+00   9.256171783E+00   1.485459457E-01   9.061054949E+00   4.657088813E-02
 1.960000000E+00   3.790837472E+00   5.569343080E-01   3.205931975E+00   2.797118894E-02
 2.000000000E+00   1.321020230E+00   2.346190465E-01   1.079055221E+00   7.345962753E-03
