# Ef    7.110557497E-01
#    energy      ,  LDOS SUM       ,  LDOS S         ,  LDOS P         ,  LDOS D
-2.000000000E+00   3.081365522E-04   3.399907859E-05   7.794589379E-05   1.961915798E-04
-1.960000000E+00   3.165706282E-04   3.492669441E-05   7.978709540E-05   2.018568384E-04
-1.920000000E+00   3.253606044E-04   3.589339145E-05   8.169513069E-05   2.077720823E-04
-1.880000000E+00   3.345270471E-04   3.690143031E-05   8.367331934E-05   2.139522974E-04
-1.840000000E+00   3.440920472E-04   3.795323988E-05   8.572519296E-05   2.204136143E-04
-1.800000000E+00   3.540793595E-04   3.905143288E-05   8.785451179E-05   2.271734148E-04
-1.760000000E+00   3.645145569E-04   4.019882303E-05   9.006528299E-05   2.342504509E-04
-1.720000000E+00   3.754252018E-04   4.139844415E-05   9.236178078E-05   2.416649769E-04
-1.680000000E+00   3.868410372E-04   4.265357156E-05   9.474856842E-05   2.494388972E-04
-1.640000000E+00   3.987941987E-04   4.396774580E-05   9.723052245E-05   2.575959304E-04
-1.600000000E+00   4.113194528E-04   4.534479933E-05   9.981285943E-05   2.661617940E-04
-1.560000000E+00   4.244544624E-04   4.678888632E-05   1.025011653E-04   2.751644107E-04
-1.520000000E+00   4.382400846E-04   4.830451625E-05   1.053014280E-04   2.846341403E-04
-1.480000000E+00   4.527207060E-04   4.989659159E-05   1.082200734E-04   2.946040411E-04
-1.440000000E+00   4.679446194E-04   5.157045044E-05   1.112640051E-04   3.051101639E-04
-1.400000000E+00   4.839644492E-04   5.333191472E-05   1.144406489E-04   3.161918856E-04
-1.360000000E+00   5.008376325E-04   5.518734470E-05   1.177580020E-04   3.278922858E-04
-1.320000000E+00   5.186269643E-04   5.714370118E-05   1.212246882E-04   3.402585749E-04
-1.280000000E+00   5.374012173E-04   5.920861616E-05   1.248500186E-04   3.533425825E-04
-1.240000000E+00   5.572358481E-04   6.139047371E-05   1.286440613E-04   3.672013130E-04
-1.200000000E+00   5.782138033E-04   6.369850267E-05   1.326177177E-04   3.818975829E-04
-1.160000000E+00   6.004264440E-04   6.614288316E-05   1.367828097E-04   3.975007511E-04
-1.120000000E+00   6.239746071E-04   6.873486948E-05   1.411521773E-04   4.140875603E-04
-1.080000000E+00   6.489698288E-04   7.148693233E-05   1.457397890E-04   4.317431075E-04
-1.040000000E+00   6.755357593E-04   7.441292393E-05   1.505608674E-04   4.505619679E-04
-1.000000000E+00   7.038098034E-04   7.752827055E-05   1.556320313E-04   4.706495015E-04
-9.600000000E-01   7.339450310E-04   8.085019782E-05   1.609714579E-04   4.921233753E-04
-9.200000000E-01   7.661124094E-04   8.439799538E-05   1.665990687E-04   5.151153453E-04
-8.800000000E-01   8.005034213E-04   8.819332933E-05   1.725367423E-04   5.397733496E-04
-8.400000000E-01   8.373331487E-04   9.226061262E-05   1.788085595E-04   5.662639767E-04
-8.000000000E-01   8.768439223E-04   9.662744632E-05   1.854410865E-04   5.947753895E-04
-7.600000000E-01   9.193096566E-04   1.013251481E-04   1.924637043E-04   6.255208043E-04
-7.200000000E-01   9.650410288E-04   1.063893886E-04   1.999089910E-04   6.587426492E-04
-6.800000000E-01   1.014391695E-03   1.118609623E-04   2.078131708E-04   6.947175617E-04
-6.400000000E-01   1.067765793E-03   1.177867269E-04   2.162166409E-04   7.337624252E-04
-6.000000000E-01   1.125627054E-03   1.242207564E-04   2.251645950E-04   7.762417028E-04
-5.600000000E-01   1.188509933E-03   1.312257654E-04   2.347077641E-04   8.225764035E-04
-5.200000000E-01   1.257033298E-03   1.388748836E-04   2.449033021E-04   8.732551125E-04
-4.800000000E-01   1.331917396E-03   1.472538837E-04   2.558158520E-04   9.288476603E-04
-4.400000000E-01   1.414005027E-03   1.564640038E-04   2.675188366E-04   9.900221867E-04
-4.000000000E-01   1.504288215E-03   1.666255590E-04   2.800960350E-04   1.057566621E-03
-3.600000000E-01   1.603942086E-03   1.778826094E-04   2.936435218E-04   1.132415955E-03
-3.200000000E-01   1.714368358E-03   1.904090646E-04   3.082720749E-04   1.215687219E-03
-2.800000000E-01   1.837251745E-03   2.044167662E-04   3.241101936E-04   1.308724785E-03
-2.400000000E-01   1.974634022E-03   2.201663372E-04   3.413079214E-04   1.413159764E-03
-2.000000000E-01   2.129012546E-03   2.379819666E-04   3.600417475E-04   1.530988832E-03
-1.600000000E-01   2.303473239E-03   2.582718937E-04   3.805209689E-04   1.664680376E-03
-1.200000000E-01   2.501873054E-03   2.815573224E-04   4.029960730E-04   1.817319658E-03
-8.000000000E-02   2.729094941E-03   3.085140868E-04   4.277699574E-04   1.992810897E-03
-4.000000000E-02   2.991411621E-03   3.400341035E-04   4.552132242E-04   2.196164294E-03
 0.000000000E+00   3.297017005E-03   3.773184270E-04   4.857854577E-04   2.433913121E-03
 4.000000000E-02   3.656824012E-03   4.220224553E-04   5.200655277E-04   2.714736029E-03
 8.000000000E-02   4.085700932E-03   4.764904891E-04   5.587959195E-04   3.050414523E-03
 1.200000000E-01   4.604460302E-03   5.441501971E-04   6.029496413E-04   3.457360464E-03
 1.600000000E-01   5.243204079E-03   6.302082843E-04   6.538349852E-04   3.959160809E-03
 2.000000000E-01   6.047262038E-03   7.429492970E-04   7.132669181E-04   4.591045822E-03
 2.400000000E-01   7.088460341E-03   8.963356920E-04   7.838628815E-04   5.408261767E-03
 2.800000000E-01   8.488385589E-03   1.115690259E-03   8.695885593E-04   6.503106771E-03
 3.200000000E-01   1.047200629E-02   1.451621270E-03   9.768555198E-04   8.043529496E-03
 3.600000000E-01   1.351138053E-02   2.019969586E-03   1.117002046E-03   1.037440890E-02
 4.000000000E-01   1.880695486E-02   3.146962068E-03   1.312938609E-03   1.434705418E-02
 4.400000000E-01   3.065704094E-02   6.173404990E-03   1.622778616E-03   2.286085733E-02
 4.800000000E-01   1.000736824E-01   3.378693880E-02   2.319899714E-03   6.396684390E-02
 5.200000000E-01   4.079368906E+00   1.135448619E+00   1.246702962E-02   2.931453257E+00
 5.600000000E-01   8.017936844E+00   1.773984639E+00   1.952967000E-01   6.048655505E+00
 6.000000000E-01   1.436172648E+00   1.410095498E-01   6.993717541E-02   1.225225923E+00
 6.400000000E-01   7.369909009E+00   8.911395267E-01   7.943819385E-01   5.684387544E+00
 6.800000000E-01   6.822722643E+00   5.093678920E-01   9.085981311E-01   5.404756620E+00
 7.200000000E-01   6.174606739E+00   1.698972381E-01   6.804027706E-01   5.324306730E+00
 7.600000000E-01   4.799053343E+00   4.627733313E-02   3.548016146E-01   4.397974395E+00
 8.000000000E-01   1.488761385E+01   1.822563974E-02   3.894868124E-01   1.447990140E+01
 8.400000000E-01   7.856913179E+00   5.056660558E-02   5.009010623E-01   7.305445511E+00
 8.800000000E-01   1.936100298E+01   5.373456133E-01   3.038215780E-01   1.851983579E+01
 9.200000000E-01   1.449510713E+01   2.261828454E-01   2.056883726E-01   1.406323591E+01
 9.600000000E-01   2.325007668E+01   4.693355428E+00   2.165286913E-01   1.834019256E+01
 1.000000000E+00   8.732833385E+00   3.604676670E+00   1.039221919E+00   4.088934796E+00
 1.040000000E+00   4.796391629E+00   2.005602021E+00   5.614420806E-01   2.229347528E+00
 1.080000000E+00   2.423342510E+00   1.366576563E+00   7.187259286E-01   3.380400182E-01
 1.120000000E+00   6.626623171E+00   1.008320725E+00   5.437740221E+00   1.805622252E-01
 1.160000000E+00   6.546464425E+00   2.203792087E+00   3.626543805E+00   7.161285331E-01
 1.200000000E+00   3.433029306E+00   5.700521923E-01   2.586013209E+00   2.769639044E-01
 1.240000000E+00   2.249393508E+00   4.948781393E-02   1.433477071E+00   7.664286224E-01
 1.280000000E+00   2.098284846E-01   7.462570997E-03   1.089185802E-01   9.344733342E-02
 1.320000000E+00   2.895863226E-01   1.280538255E-02   1.283548662E-01   1.484260739E-01
 1.360000000E+00   3.851497965E-01   3.067577737E-02   1.825819948E-01   1.718920243E-01
 1.400000000E+00   1.088291301E+00   2.693814304E-02   9.949652247E-01   6.638793339E-02
 1.440000000E+00   6.271187724E+00   2.284725218E+00   1.974263297E+00   2.012199209E+00
 1.480000000E+00   2.224978322E+00   2.396645097E-01   1.606289804E+00   3.790240085E-01
 1.520000000E+00   4.938785615E+00   1.755504986E-01   4.376108410E+00   3.871267064E-01
 1.560000000E+00   6.162757295E+00   6.279715460E-02   5.999823791E+00   1.001363490E-01
 1.600000000E+00   8.304860629E+00   5.214091495E-01   7.198223935E+00   5.852275441E-01
 1.640000000E+00   1.493122151E+01   8.812293585E+00   4.713654082E+00   1.405273843E+00
 1.680000000E+00   4.635632826E+00   5.904681540E-01   3.687438092E+00   3.577265797E-01
 1.720000000E+00   2.846567969E+00   2.862419618E-01   2.271852023E+00   2.884739842E-01
 1.760000000E+00   4.995909994E+00   3.582588513E-01   4.370779276E+00   2.668718674E-01
 1.800000000E+00   3.917561655E+00   1.124807257E-01   3.661582716E+00   1.434982136E-01
 1.840000000E+00   3.565541851E+00   1.364629751E-01   3.216539604E+00   2.125392715E-01
 1.880000000E+00   4.815474529E+00   6.181490437E-02   4.653079988E+00   1.005796369E-01
 1.920000000E+00   1.920336805E+00   9.595963460E-03   1.887620868E+00   2.311997358E-02
 1.960000000E+00   3.074023056E+00   1.911114211E-02   3.014300192E+00   4.061172215E-02
 2.000000000E+00   8.482587645E-02   1.210057449E-03   8.141601120E-02   2.199807804E-03
