# Ef    7.196734172E-01
#    energy      ,  LDOS S         ,  LDOS PX        ,  LDOS PY        ,  LDOS PZ        ,  LDOS DXY       ,  LDOS DYZ       ,  LDOS DZX       ,  LDOS DX2       ,  LDOS DZ2
-2.000000000E+00   3.399835552E-05   2.628872473E-05   2.628872473E-05   2.536690173E-05   3.792688005E-05   3.794393328E-05   3.794393328E-05   4.001579789E-05   3.995873338E-05
-1.960000000E+00   3.492591925E-05   2.691749691E-05   2.691749691E-05   2.595045624E-05   3.899854700E-05   3.901520583E-05   3.901520583E-05   4.119820299E-05   4.112408570E-05
-1.920000000E+00   3.589255960E-05   2.756948540E-05   2.756948540E-05   2.655440347E-05   4.011635054E-05   4.013252702E-05   4.013252702E-05   4.243438285E-05   4.234139951E-05
-1.880000000E+00   3.690053669E-05   2.824586834E-05   2.824586834E-05   2.717970597E-05   4.128298134E-05   4.129857625E-05   4.129857625E-05   4.372767989E-05   4.361382405E-05
-1.840000000E+00   3.795227888E-05   2.894790105E-05   2.894790105E-05   2.782738383E-05   4.250132937E-05   4.251623080E-05   4.251623080E-05   4.508170242E-05   4.494475181E-05
-1.800000000E+00   3.905039826E-05   2.967692223E-05   2.967692223E-05   2.849851889E-05   4.377450196E-05   4.378858365E-05   4.378858365E-05   4.650035070E-05   4.633784157E-05
-1.760000000E+00   4.019770787E-05   3.043436085E-05   3.043436085E-05   2.919425924E-05   4.510584374E-05   4.511896319E-05   4.511896319E-05   4.798784590E-05   4.779704397E-05
-1.720000000E+00   4.139724077E-05   3.122174372E-05   3.122174372E-05   2.991582423E-05   4.649895872E-05   4.651095511E-05   4.651095511E-05   4.954876256E-05   4.932663004E-05
-1.680000000E+00   4.265227138E-05   3.204070381E-05   3.204070381E-05   3.066450977E-05   4.795773489E-05   4.796842660E-05   4.796842660E-05   5.118806497E-05   5.093122303E-05
-1.640000000E+00   4.396633926E-05   3.289298942E-05   3.289298942E-05   3.144169425E-05   4.948637154E-05   4.949555335E-05   4.949555335E-05   5.291114799E-05   5.261583403E-05
-1.600000000E+00   4.534327573E-05   3.378047432E-05   3.378047432E-05   3.224884491E-05   5.108940968E-05   5.109684958E-05   5.109684958E-05   5.472388301E-05   5.438590185E-05
-1.560000000E+00   4.678723369E-05   3.470516895E-05   3.470516895E-05   3.308752481E-05   5.277176606E-05   5.277720155E-05   5.277720155E-05   5.663266978E-05   5.624733785E-05
-1.520000000E+00   4.830272114E-05   3.566923292E-05   3.566923292E-05   3.395940044E-05   5.453877114E-05   5.454190500E-05   5.454190500E-05   5.864449491E-05   5.820657633E-05
-1.480000000E+00   4.989463889E-05   3.667498871E-05   3.667498871E-05   3.486625012E-05   5.639621167E-05   5.639670703E-05   5.639670703E-05   6.076699823E-05   6.027063132E-05
-1.440000000E+00   5.156832311E-05   3.772493711E-05   3.772493711E-05   3.580997307E-05   5.835037847E-05   5.834785318E-05   5.834785318E-05   6.300854805E-05   6.244716083E-05
-1.400000000E+00   5.332959351E-05   3.882177430E-05   3.882177430E-05   3.679259949E-05   6.040812018E-05   6.040214020E-05   6.040214020E-05   6.537832686E-05   6.474453948E-05
-1.360000000E+00   5.518480784E-05   3.996841094E-05   3.996841094E-05   3.781630155E-05   6.257690375E-05   6.256697559E-05   6.256697559E-05   6.788642901E-05   6.717194106E-05
-1.320000000E+00   5.714092394E-05   4.116799360E-05   4.116799360E-05   3.888340553E-05   6.486488290E-05   6.485044469E-05   6.485044469E-05   7.054397260E-05   6.973943236E-05
-1.280000000E+00   5.920557041E-05   4.242392869E-05   4.242392869E-05   3.999640513E-05   6.728097540E-05   6.726138659E-05   6.726138659E-05   7.336322766E-05   7.245808028E-05
-1.240000000E+00   6.138712739E-05   4.373990947E-05   4.373990947E-05   4.115797622E-05   6.983495093E-05   6.980948016E-05   6.980948016E-05   7.635776374E-05   7.534007429E-05
-1.200000000E+00   6.369481911E-05   4.511994640E-05   4.511994640E-05   4.237099306E-05   7.253753080E-05   7.250534176E-05   7.250534176E-05   7.954262012E-05   7.839886687E-05
-1.160000000E+00   6.613882030E-05   4.656840143E-05   4.656840143E-05   4.363854628E-05   7.540050171E-05   7.536063645E-05   7.536063645E-05   8.293450280E-05   8.164933503E-05
-1.120000000E+00   6.873037896E-05   4.809002687E-05   4.809002687E-05   4.496396281E-05   7.843684571E-05   7.838820498E-05   7.838820498E-05   8.655201333E-05   8.510796673E-05
-1.080000000E+00   7.148195835E-05   4.969000951E-05   4.969000951E-05   4.635082797E-05   8.166088906E-05   8.160220914E-05   8.160220914E-05   9.041591529E-05   8.879307644E-05
-1.040000000E+00   7.440740193E-05   5.137402084E-05   5.137402084E-05   4.780300998E-05   8.508847327E-05   8.501829839E-05   8.501829839E-05   9.454944602E-05   9.272505560E-05
-1.000000000E+00   7.752212558E-05   5.314827443E-05   5.314827443E-05   4.932468734E-05   8.873715213E-05   8.865380176E-05   8.865380176E-05   9.897868241E-05   9.692666429E-05
-9.600000000E-01   8.084334251E-05   5.501959163E-05   5.501959163E-05   5.092037926E-05   9.262641943E-05   9.252794919E-05   9.252794919E-05   1.037329719E-04   1.014233724E-04
-9.200000000E-01   8.439032758E-05   5.699547719E-05   5.699547719E-05   5.259497973E-05   9.677797283E-05   9.666212775E-05   9.666212775E-05   1.088454424E-04   1.062437598E-04
-8.800000000E-01   8.818472910E-05   5.908420637E-05   5.908420637E-05   5.435379558E-05   1.012160209E-04   1.010801791E-04   1.010801791E-04   1.143536086E-04   1.114199885E-04
-8.400000000E-01   9.225093859E-05   6.129492585E-05   6.129492585E-05   5.620258925E-05   1.059676410E-04   1.058087461E-04   1.058087461E-04   1.203000949E-04   1.169883606E-04
-8.000000000E-01   9.661653109E-05   6.363777102E-05   6.363777102E-05   5.814762675E-05   1.110631992E-04   1.108776780E-04   1.108776780E-04   1.267335036E-04   1.229899824E-04
-7.600000000E-01   1.013127926E-04   6.612400287E-05   6.612400287E-05   6.019573172E-05   1.165368428E-04   1.163205054E-04   1.163205054E-04   1.337094609E-04   1.294715572E-04
-7.200000000E-01   1.063753549E-04   6.876616837E-05   6.876616837E-05   6.235434644E-05   1.224270824E-04   1.221750004E-04   1.221750004E-04   1.412918853E-04   1.364863365E-04
-6.800000000E-01   1.118449647E-04   7.157828940E-05   7.157828940E-05   6.463160077E-05   1.287774813E-04   1.284838380E-04   1.284838380E-04   1.495545339E-04   1.440952689E-04
-6.400000000E-01   1.177684204E-04   7.457608636E-05   7.457608636E-05   6.703639038E-05   1.356374762E-04   1.352953821E-04   1.352953821E-04   1.585828987E-04   1.523683936E-04
-6.000000000E-01   1.241997218E-04   7.777724408E-05   7.777724408E-05   6.957846561E-05   1.430633579E-04   1.426646220E-04   1.426646220E-04   1.684765481E-04   1.613865417E-04
-5.600000000E-01   1.312014904E-04   8.120173001E-05   8.120173001E-05   7.226853275E-05   1.511194506E-04   1.506542953E-04   1.506542953E-04   1.793520373E-04   1.712434277E-04
-5.200000000E-01   1.388467382E-04   8.487217724E-05   8.487217724E-05   7.511836974E-05   1.598795347E-04   1.593362388E-04   1.593362388E-04   1.913465535E-04   1.820482363E-04
-4.800000000E-01   1.472210870E-04   8.881434836E-05   8.881434836E-05   7.814095874E-05   1.694285752E-04   1.687930237E-04   1.687930237E-04   2.046225161E-04   1.939288479E-04
-4.400000000E-01   1.564255814E-04   9.305770139E-05   9.305770139E-05   8.135063850E-05   1.798648324E-04   1.791199449E-04   1.791199449E-04   2.193734332E-04   2.070358907E-04
-4.000000000E-01   1.665802845E-04   9.763608543E-05   9.763608543E-05   8.476328006E-05   1.913024548E-04   1.904274555E-04   1.904274555E-04   2.358314247E-04   2.215478780E-04
-3.600000000E-01   1.778289256E-04   1.025886025E-04   1.025886025E-04   8.839648997E-05   2.038746858E-04   2.028441641E-04   2.028441641E-04   2.542769830E-04   2.376777798E-04
-3.200000000E-01   1.903449754E-04   1.079606850E-04   1.079606850E-04   9.226984628E-05   2.177378577E-04   2.165205495E-04   2.165205495E-04   2.750517721E-04   2.556815178E-04
-2.800000000E-01   2.043396862E-04   1.138054562E-04   1.138054562E-04   9.640517351E-05   2.330764021E-04   2.316335960E-04   2.316335960E-04   2.985756064E-04   2.758690699E-04
-2.400000000E-01   2.200728791E-04   1.201854650E-04   1.201854650E-04   1.008268645E-04   2.501091877E-04   2.483926218E-04   2.483926218E-04   3.253692640E-04   2.986191630E-04
-2.000000000E-01   2.378676366E-04   1.271749253E-04   1.271749253E-04   1.055622589E-04   2.690976051E-04   2.670466646E-04   2.670466646E-04   3.560855647E-04   3.243989835E-04
-1.600000000E-01   2.581306472E-04   1.348626434E-04   1.348626434E-04   1.106420895E-04   2.903559768E-04   2.878939217E-04   2.878939217E-04   3.915523618E-04   3.537910152E-04
-1.200000000E-01   2.813809032E-04   1.433558995E-04   1.433558995E-04   1.161010130E-04   3.142650986E-04   3.112939283E-04   3.112939283E-04   4.328330287E-04   3.875302052E-04
-8.000000000E-02   3.082910227E-04   1.527856754E-04   1.527856754E-04   1.219782432E-04   3.412900465E-04   3.376834222E-04   3.376834222E-04   4.813131761E-04   4.265564107E-04
-4.000000000E-02   3.397481428E-04   1.633138246E-04   1.633138246E-04   1.283183116E-04   3.720038771E-04   3.675972396E-04   3.675972396E-04   5.388276245E-04   4.720900108E-04
 4.163336342E-17   3.769460378E-04   1.751431021E-04   1.751431021E-04   1.351719878E-04   4.071195890E-04   4.016961562E-04   4.016961562E-04   6.078507919E-04   5.257436045E-04
 4.000000000E-02   4.215286989E-04   1.885315228E-04   1.885315228E-04   1.425974013E-04   4.475338552E-04   4.408044644E-04   4.408044644E-04   6.917899910E-04   5.896917121E-04
 8.000000000E-02   4.758219616E-04   2.038134612E-04   2.038134612E-04   1.506614214E-04   4.943878332E-04   4.859614067E-04   4.859614067E-04   7.954515023E-04   6.669371548E-04
 1.200000000E-01   5.432224422E-04   2.214316235E-04   2.214316235E-04   1.594413712E-04   5.491532588E-04   5.384926716E-04   5.384926716E-04   9.258083534E-04   7.617455404E-04
 1.600000000E-01   6.288822038E-04   2.419872657E-04   2.419872657E-04   1.690271820E-04   6.137568280E-04   6.001115032E-04   6.001115032E-04   1.093319793E-03   8.803871075E-04
 2.000000000E-01   7.409842267E-04   2.663225419E-04   2.663225419E-04   1.795241378E-04   6.907640828E-04   6.730644568E-04   6.730644568E-04   1.314316409E-03   1.032475472E-03
 2.400000000E-01   8.932889345E-04   2.956628126E-04   2.956628126E-04   1.910564292E-04   7.836585501E-04   7.603461072E-04   7.603461072E-04   1.615584904E-03   1.233554544E-03
 2.800000000E-01   1.110680959E-03   3.318792433E-04   3.318792433E-04   2.037718444E-04   8.972787414E-04   8.660232125E-04   8.660232125E-04   2.043882872E-03   1.510549450E-03
 3.200000000E-01   1.442702921E-03   3.780162306E-04   3.780162306E-04   2.178481108E-04   1.038527816E-03   9.957383000E-04   9.957383000E-04   2.687728491E-03   1.914631639E-03
 3.600000000E-01   2.002151153E-03   4.394795507E-04   4.394795507E-04   2.335017173E-04   1.217578987E-03   1.157519136E-03   1.157519136E-03   3.734348613E-03   2.556713840E-03
 4.000000000E-01   3.104101962E-03   5.271994190E-04   5.271994190E-04   2.510006426E-04   1.450046101E-03   1.363138410E-03   1.363138410E-03   5.649412433E-03   3.731109197E-03
 4.400000000E-01   6.024329510E-03   6.687476048E-04   6.687476048E-04   2.706835834E-04   1.761250401E-03   1.630570254E-03   1.630570254E-03   9.941599176E-03   6.565706425E-03
 4.800000000E-01   3.034235029E-02   9.896100513E-04   9.896100513E-04   2.929911024E-04   2.196529126E-03   1.990669919E-03   1.990669919E-03   2.501557347E-02   2.693581427E-02
 5.200000000E-01   8.207759405E-01   5.269428832E-03   5.269428832E-03   3.185534145E-04   3.079764705E-03   2.646460563E-03   2.646460563E-03   9.165264613E-01   7.043911560E-01
 5.600000000E-01   1.526077034E+00   9.271217700E-02   9.271217700E-02   3.489210723E-04   6.691137673E-03   3.774859042E-03   3.774859042E-03   3.735900633E+00   1.535819644E+00
 6.000000000E-01   4.109693527E-01   1.134571356E-01   1.134571356E-01   3.842345683E-04   6.867758861E-03   4.804963064E-03   4.804963064E-03   4.379268390E+00   5.337031149E-01
 6.400000000E-01   2.171651034E-01   9.340453883E-02   9.340453883E-02   4.273069924E-04   1.151379486E-02   6.399361060E-03   6.399361060E-03   9.478155291E-01   4.232416403E-01
 6.800000000E-01   7.030531757E-01   5.704579524E-01   5.704579524E-01   4.972882086E-04   5.048483723E-02   1.197400313E-02   1.197400313E-02   4.025195480E+00   2.107075793E+00
 7.200000000E-01   3.573736678E-01   6.674220980E-01   6.674220980E-01   5.942270942E-04   2.170305876E+00   2.507320729E-02   2.507320729E-02   3.969354602E+00   1.891878552E+00
 7.600000000E-01   6.337417734E-02   2.815727220E-01   2.815727220E-01   7.490844702E-04   2.063536648E+00   5.886335033E-02   5.886335033E-02   1.219176642E+00   8.089390964E-01
 8.000000000E-01   2.429116891E-02   3.151977299E-01   3.151977299E-01   6.969737459E-03   1.535938345E+00   5.724380376E+00   5.724380376E+00   9.390482774E-01   1.680877256E+00
 8.400000000E-01   6.182330826E-02   3.297778400E-01   3.297778400E-01   5.038800926E-02   3.305533876E+00   5.507823874E+00   5.507823874E+00   8.649316791E-01   2.565403096E+00
 8.800000000E-01   2.872494070E-01   1.076389313E-01   1.076389313E-01   4.821216871E-02   2.279281994E+00   4.655116288E+00   4.655116288E+00   4.533760236E-01   2.199804616E+00
 9.200000000E-01   2.393381067E-01   6.070756748E-02   6.070756748E-02   3.701790469E-02   3.116514625E+00   4.052120076E+00   4.052120076E+00   2.467872392E-01   5.718348097E-01
 9.600000000E-01   2.588425963E+00   6.913723124E-02   6.913723124E-02   1.743081384E-02   4.468504353E+00   2.419706437E+00   2.419706437E+00   9.568117387E-02   1.967530137E+00
 1.000000000E+00   3.243325519E+00   7.356000970E-01   7.356000970E-01   4.133904519E-03   2.531978548E+00   6.725731932E+00   6.725731932E+00   1.191016317E+00   1.079288990E+00
 1.040000000E+00   2.899277847E+00   4.148885246E-01   4.148885246E-01   1.505546554E-03   1.487419558E+00   4.897320442E-02   4.897320442E-02   2.221076449E-01   4.192206602E-01
 1.080000000E+00   1.874453059E+00   4.713193481E-01   4.713193481E-01   1.668901589E-03   2.923831730E+00   2.128202655E-02   2.128202655E-02   1.264505139E-01   1.338399329E-01
 1.120000000E+00   9.606487220E-01   2.664598790E+00   2.664598790E+00   1.976671266E-03   7.834248477E-02   9.036518224E-03   9.036518224E-03   3.746880404E-02   6.958604652E-02
 1.160000000E+00   2.194008655E+00   1.815510314E+00   1.815510314E+00   2.450133835E-03   4.008505151E-02   6.024139811E-03   6.024139811E-03   6.561805142E-01   1.345597570E-02
 1.200000000E+00   6.753882893E-01   1.314334034E+00   1.314334034E+00   3.157755556E-03   4.382182739E-02   4.157289113E-03   4.157289113E-03   2.137784963E-01   3.075783225E-03
 1.240000000E+00   4.725102692E-02   7.429595738E-01   7.429595738E-01   4.286584349E-03   1.896867077E-02   3.118750151E-03   3.118750151E-03   3.215189021E-01   2.395142959E-03
 1.280000000E+00   8.548782983E-03   8.055774061E-02   8.055774061E-02   6.308224871E-03   3.056771555E-03   2.435044529E-03   2.435044529E-03   1.901696579E-01   1.870182286E-03
 1.320000000E+00   2.566550622E-02   1.466138775E-01   1.466138775E-01   1.086137557E-02   2.313610802E-03   1.981192826E-03   1.981192826E-03   3.786092070E-01   1.628961730E-03
 1.360000000E+00   7.119674082E-02   1.881512402E-01   1.881512402E-01   3.165885851E-02   1.863590219E-03   1.671389385E-03   1.671389385E-03   4.307243755E-01   1.968418100E-03
 1.400000000E+00   2.939973068E-02   3.232583481E-02   3.232583481E-02   9.157947252E-01   1.493491635E-03   2.811014040E-03   2.811014040E-03   6.641700600E-02   2.139332025E-03
 1.440000000E+00   1.560428332E+00   1.983768942E-01   1.983768942E-01   1.087715526E+00   1.580677031E-03   5.108928500E-03   5.108928500E-03   1.178168968E+00   8.926417320E-02
 1.480000000E+00   2.756137206E-01   2.202865203E-01   2.202865203E-01   1.151462522E+00   1.568438245E-03   6.294601909E-03   6.294601909E-03   3.532907552E-01   1.946419762E-02
 1.520000000E+00   1.307007554E-01   5.037706011E-01   5.037706011E-01   3.747892582E+00   1.423623774E-03   1.503674158E-02   1.503674158E-02   5.072375165E-01   1.267313093E-02
 1.560000000E+00   6.422024541E-02   8.730614985E-02   8.730614985E-02   5.620024455E+00   1.073218107E-03   1.146490611E-02   1.146490611E-02   7.468928572E-02   7.879381571E-03
 1.600000000E+00   7.730010090E-01   1.106304319E+00   1.106304319E+00   6.077420981E+00   1.850741424E-03   2.170477138E-02   2.170477138E-02   7.124188055E-01   1.137751254E-01
 1.640000000E+00   9.447388625E+00   1.863685430E+00   1.863685430E+00   1.034000995E+00   5.708185214E-03   4.067636464E-03   4.067636464E-03   3.165394361E-01   1.131657723E+00
 1.680000000E+00   6.180794331E-01   1.113808693E+00   1.113808693E+00   1.885885078E+00   6.295280373E-03   4.132051374E-03   4.132051374E-03   3.096216206E-01   1.172031382E-01
 1.720000000E+00   3.292392744E-01   1.327900007E+00   1.327900007E+00   1.085950789E-01   4.560529987E-03   5.891481052E-04   5.891481052E-04   2.865528313E-01   7.447554331E-02
 1.760000000E+00   3.344093684E-01   2.097650377E+00   2.097650377E+00   1.551930657E-02   6.030613941E-03   4.769272174E-04   4.769272174E-04   1.633564156E-01   9.190164290E-02
 1.800000000E+00   1.212428729E-01   1.914906530E+00   1.914906530E+00   7.976238836E-03   2.631545751E-03   4.206383312E-04   4.206383312E-04   1.181933748E-01   3.768630689E-02
 1.840000000E+00   1.459466498E-01   1.693377752E+00   1.693377752E+00   5.128628902E-03   3.510161007E-03   3.817262244E-04   3.817262244E-04   1.761308335E-01   4.792980751E-02
 1.880000000E+00   6.547182890E-02   2.371559043E+00   2.371559043E+00   3.648500968E-03   1.377428457E-02   3.460907381E-04   3.460907381E-04   6.674363359E-02   2.503036706E-02
 1.920000000E+00   9.574968615E-03   8.987857541E-01   8.987857541E-01   2.755333374E-03   5.018358712E-03   3.159784037E-04   3.159784037E-04   1.384704774E-02   3.817660897E-03
 1.960000000E+00   1.931881626E-02   1.512513913E+00   1.512513913E+00   2.166076306E-03   1.725394356E-03   2.916972311E-04   2.916972311E-04   3.054669028E-02   8.432015711E-03
 2.000000000E+00   1.211121140E-03   3.988710154E-02   3.988710154E-02   1.753268997E-03   3.298224672E-04   2.693227453E-04   2.693227453E-04   9.316439346E-04   4.516760614E-04
