#   5  200
#   G   0.000000000E+00
#   A   5.927533309E-01
#   B   1.185506662E+00
#   N   1.778259993E+00
#   G   2.371013323E+00
# Ef    7.196734172E-01
# dble((kount-1._dp)*deltak), (eval(i),i=1,dimHsc)
# dimHsc    18
 0.00000000E+000   4.87779847E-001   4.87779848E-001   5.64010344E-001   5.64010345E-001   9.38561324E-001   9.38561324E-001   9.99160516E-001   9.99160518E-001   1.00520450E+000   1.00520451E+000   1.09900618E+000   1.09900618E+000   1.71365693E+000   1.71365693E+000   1.98855778E+000   1.98855778E+000   1.98855778E+000   1.98855778E+000
 1.18550666E-002   4.88112212E-001   4.88112212E-001   5.64126628E-001   5.64126629E-001   9.38586220E-001   9.38586221E-001   9.99051938E-001   9.99051940E-001   1.00509752E+000   1.00509753E+000   1.09880200E+000   1.09880200E+000   1.71350662E+000   1.71350662E+000   1.98823005E+000   1.98823005E+000   1.98840459E+000   1.98840459E+000
 2.37101332E-002   4.89099955E-001   4.89099956E-001   5.64483277E-001   5.64483278E-001   9.38661394E-001   9.38661394E-001   9.98707665E-001   9.98707667E-001   1.00479620E+000   1.00479620E+000   1.09819039E+000   1.09819039E+000   1.71305608E+000   1.71305608E+000   1.98724731E+000   1.98724731E+000   1.98794547E+000   1.98794547E+000
 3.55651999E-002   4.90714508E-001   4.90714508E-001   5.65104194E-001   5.65104195E-001   9.38788293E-001   9.38788294E-001   9.98074434E-001   9.98074435E-001   1.00435702E+000   1.00435703E+000   1.09717423E+000   1.09717423E+000   1.71230656E+000   1.71230656E+000   1.98561088E+000   1.98561088E+000   1.98718182E+000   1.98718182E+000
 4.74202665E-002   4.92906594E-001   4.92906595E-001   5.66030877E-001   5.66030878E-001   9.38969327E-001   9.38969328E-001   9.97077351E-001   9.97077352E-001   1.00386027E+000   1.00386027E+000   1.09575824E+000   1.09575825E+000   1.71126014E+000   1.71126014E+000   1.98332297E+000   1.98332297E+000   1.98611595E+000   1.98611595E+000
 5.92753331E-002   4.95604045E-001   4.95604045E-001   5.67324595E-001   5.67324596E-001   9.39207851E-001   9.39207852E-001   9.95649746E-001   9.95649747E-001   1.00338012E+000   1.00338012E+000   1.09394904E+000   1.09394905E+000   1.70991973E+000   1.70991973E+000   1.98038669E+000   1.98038669E+000   1.98475110E+000   1.98475110E+000
 7.11303997E-002   4.98709574E-001   4.98709575E-001   5.69068601E-001   5.69068602E-001   9.39508143E-001   9.39508143E-001   9.93761644E-001   9.93761645E-001   1.00295620E+000   1.00295620E+000   1.09175504E+000   1.09175504E+000   1.70828909E+000   1.70828909E+000   1.97680600E+000   1.97680600E+000   1.98309147E+000   1.98309147E+000
 8.29854663E-002   5.02099932E-001   5.02099932E-001   5.71368964E-001   5.71368966E-001   9.39875354E-001   9.39875355E-001   9.91420867E-001   9.91420868E-001   1.00259250E+000   1.00259250E+000   1.08918642E+000   1.08918642E+000   1.70637285E+000   1.70637285E+000   1.97258579E+000   1.97258579E+000   1.98114216E+000   1.98114216E+000
 9.48405329E-002   5.05628743E-001   5.05628743E-001   5.74351700E-001   5.74351702E-001   9.40315420E-001   9.40315421E-001   9.88654928E-001   9.88654929E-001   1.00227551E+000   1.00227551E+000   1.08625505E+000   1.08625505E+000   1.70417651E+000   1.70417651E+000   1.96773182E+000   1.96773182E+000   1.97890925E+000   1.97890925E+000
 1.06695600E-001   5.09135850E-001   5.09135851E-001   5.78153388E-001   5.78153389E-001   9.40834875E-001   9.40834876E-001   9.85496329E-001   9.85496330E-001   1.00198914E+000   1.00198914E+000   1.08297447E+000   1.08297447E+000   1.70170647E+000   1.70170647E+000   1.96225075E+000   1.96225075E+000   1.97639974E+000   1.97639974E+000
 1.18550666E-001   5.12464504E-001   5.12464504E-001   5.82903922E-001   5.82903923E-001   9.41440481E-001   9.41440481E-001   9.81977227E-001   9.81977228E-001   1.00172035E+000   1.00172035E+000   1.07935976E+000   1.07935976E+000   1.69897004E+000   1.69897004E+000   1.95615014E+000   1.95615014E+000   1.97362159E+000   1.97362159E+000
 1.30405733E-001   5.15483409E-001   5.15483410E-001   5.88704384E-001   5.88704385E-001   9.42138414E-001   9.42138414E-001   9.78129524E-001   9.78129525E-001   1.00145991E+000   1.00145991E+000   1.07542747E+000   1.07542747E+000   1.69597543E+000   1.69597543E+000   1.94943843E+000   1.94943843E+000   1.97058372E+000   1.97058372E+000
 1.42260799E-001   5.18105532E-001   5.18105533E-001   5.95608130E-001   5.95608131E-001   9.42932410E-001   9.42932411E-001   9.73987527E-001   9.73987528E-001   1.00120160E+000   1.00120160E+000   1.07119559E+000   1.07119559E+000   1.69273179E+000   1.69273179E+000   1.94212496E+000   1.94212496E+000   1.96729599E+000   1.96729599E+000
 1.54115866E-001   5.20295120E-001   5.20295121E-001   6.03613613E-001   6.03613614E-001   9.43819046E-001   9.43819046E-001   9.69593623E-001   9.69593624E-001   1.00094131E+000   1.00094131E+000   1.06668339E+000   1.06668339E+000   1.68924922E+000   1.68924922E+000   1.93421997E+000   1.93421997E+000   1.96376921E+000   1.96376921E+000
 1.65970933E-001   5.22060883E-001   5.22060884E-001   6.12671013E-001   6.12671014E-001   9.44773988E-001   9.44773988E-001   9.65012822E-001   9.65012823E-001   1.00067632E+000   1.00067632E+000   1.06191142E+000   1.06191142E+000   1.68553873E+000   1.68553873E+000   1.92573459E+000   1.92573459E+000   1.96001513E+000   1.96001513E+000
 1.77825999E-001   5.23440940E-001   5.23440940E-001   6.22697037E-001   6.22697038E-001   9.45703426E-001   9.45703426E-001   9.60381962E-001   9.60381962E-001   1.00040480E+000   1.00040480E+000   1.05690144E+000   1.05690144E+000   1.68161233E+000   1.68161233E+000   1.91668081E+000   1.91668081E+000   1.95604641E+000   1.95604641E+000
 1.89681066E-001   5.24487301E-001   5.24487302E-001   6.33590110E-001   6.33590111E-001   9.46231753E-001   9.46231753E-001   9.56122556E-001   9.56122557E-001   1.00012540E+000   1.00012540E+000   1.05167638E+000   1.05167638E+000   1.67748291E+000   1.67748291E+000   1.90707152E+000   1.90707152E+000   1.95187666E+000   1.95187666E+000
 2.01536132E-001   5.25254541E-001   5.25254542E-001   6.45241310E-001   6.45241311E-001   9.45033164E-001   9.45033165E-001   9.53609704E-001   9.53609704E-001   9.99836917E-001   9.99836918E-001   1.04626045E+000   1.04626045E+000   1.67316432E+000   1.67316432E+000   1.89692046E+000   1.89692046E+000   1.94752036E+000   1.94752036E+000
 2.13391199E-001   5.25793425E-001   5.25793426E-001   6.57540242E-001   6.57540243E-001   9.41166309E-001   9.41166310E-001   9.53837915E-001   9.53837915E-001   9.99537908E-001   9.99537909E-001   1.04067929E+000   1.04067929E+000   1.66867133E+000   1.66867133E+000   1.88624223E+000   1.88624223E+000   1.94299284E+000   1.94299284E+000
 2.25246266E-001   5.26148257E-001   5.26148258E-001   6.70377114E-001   6.70377115E-001   9.36024977E-001   9.36024978E-001   9.55470926E-001   9.55470926E-001   9.99226105E-001   9.99226106E-001   1.03496053E+000   1.03496053E+000   1.66401958E+000   1.66401958E+000   1.87505225E+000   1.87505225E+000   1.93831029E+000   1.93831029E+000
 2.37101332E-001   5.26356398E-001   5.26356399E-001   6.83642561E-001   6.83642562E-001   9.30421840E-001   9.30421841E-001   9.57758385E-001   9.57758386E-001   9.98897278E-001   9.98897279E-001   1.02913493E+000   1.02913494E+000   1.65922557E+000   1.65922557E+000   1.86336679E+000   1.86336679E+000   1.93348968E+000   1.93348968E+000
 2.48956399E-001   5.26448807E-001   5.26448808E-001   6.97226389E-001   6.97226390E-001   9.24595759E-001   9.24595760E-001   9.60528801E-001   9.60528802E-001   9.98542614E-001   9.98542616E-001   1.02323935E+000   1.02323935E+000   1.65430662E+000   1.65430662E+000   1.85120289E+000   1.85120289E+000   1.92854873E+000   1.92854873E+000
 2.60811466E-001   5.26450941E-001   5.26450942E-001   7.11015984E-001   7.11015985E-001   9.18641055E-001   9.18641056E-001   9.63759972E-001   9.63759972E-001   9.98141580E-001   9.98141581E-001   1.01732466E+000   1.01732466E+000   1.64928084E+000   1.64928084E+000   1.83857839E+000   1.83857839E+000   1.92350586E+000   1.92350586E+000
 2.72666532E-001   5.26383688E-001   5.26383689E-001   7.24894834E-001   7.24894835E-001   9.12611333E-001   9.12611334E-001   9.67473320E-001   9.67473320E-001   9.97638199E-001   9.97638200E-001   1.01148177E+000   1.01148177E+000   1.64416705E+000   1.64416705E+000   1.82551187E+000   1.82551187E+000   1.91838015E+000   1.91838015E+000
 2.84521599E-001   5.26264198E-001   5.26264199E-001   7.38741485E-001   7.38741486E-001   9.06545936E-001   9.06545937E-001   9.71700798E-001   9.71700798E-001   9.96841871E-001   9.96841872E-001   1.00594749E+000   1.00594749E+000   1.63898471E+000   1.63898471E+000   1.81202268E+000   1.81202268E+000   1.91319123E+000   1.91319123E+000
 2.96376665E-001   5.26106572E-001   5.26106573E-001   7.52429262E-001   7.52429263E-001   9.00478449E-001   9.00478450E-001   9.76449713E-001   9.76449714E-001   9.95022058E-001   9.95022058E-001   1.00153600E+000   1.00153600E+000   1.63375389E+000   1.63375389E+000   1.79813086E+000   1.79813086E+000   1.90795924E+000   1.90795924E+000
 3.08231732E-001   5.25922410E-001   5.25922410E-001   7.65827063E-001   7.65827064E-001   8.94440159E-001   8.94440160E-001   9.81519851E-001   9.81519851E-001   9.91284262E-001   9.91284263E-001   9.99440812E-001   9.99440813E-001   1.62849519E+000   1.62849519E+000   1.78385719E+000   1.78385719E+000   1.90270479E+000   1.90270479E+000
 3.20086799E-001   5.25721246E-001   5.25721246E-001   7.78801463E-001   7.78801463E-001   8.88462026E-001   8.88462027E-001   9.83608501E-001   9.83608502E-001   9.89753826E-001   9.89753826E-001   9.98941300E-001   9.98941301E-001   1.62322961E+000   1.62322961E+000   1.76922314E+000   1.76922314E+000   1.89744879E+000   1.89744879E+000
 3.31941865E-001   5.25510892E-001   5.25510893E-001   7.91220032E-001   7.91220033E-001   8.82576626E-001   8.82576627E-001   9.78927480E-001   9.78927481E-001   9.94061240E-001   9.94061240E-001   1.00029468E+000   1.00029468E+000   1.61797851E+000   1.61797851E+000   1.75425091E+000   1.75425091E+000   1.89221245E+000   1.89221245E+000
 3.43796932E-001   5.25297706E-001   5.25297707E-001   8.02954802E-001   8.02954803E-001   8.76821374E-001   8.76821375E-001   9.73354367E-001   9.73354369E-001   9.95775679E-001   9.95775680E-001   1.00614412E+000   1.00614412E+000   1.61276351E+000   1.61276351E+000   1.73896344E+000   1.73896344E+000   1.88701713E+000   1.88701713E+000
 3.55651999E-001   5.25086806E-001   5.25086807E-001   8.13882481E-001   8.13882482E-001   8.71245865E-001   8.71245866E-001   9.67721951E-001   9.67721953E-001   9.95918375E-001   9.95918377E-001   1.01470805E+000   1.01470805E+000   1.60760637E+000   1.60760637E+000   1.72338448E+000   1.72338448E+000   1.88188429E+000   1.88188429E+000
 3.67507065E-001   5.24882241E-001   5.24882242E-001   8.23870934E-001   8.23870935E-001   8.65932473E-001   8.65932474E-001   9.62160626E-001   9.62160628E-001   9.95776294E-001   9.95776295E-001   1.02461662E+000   1.02461662E+000   1.60252888E+000   1.60252888E+000   1.70753866E+000   1.70753866E+000   1.87683534E+000   1.87683534E+000
 3.79362132E-001   5.24687139E-001   5.24687139E-001   8.32711977E-001   8.32711978E-001   8.61068438E-001   8.61068439E-001   9.56724453E-001   9.56724455E-001   9.95563352E-001   9.95563354E-001   1.03561922E+000   1.03561922E+000   1.59755279E+000   1.59755279E+000   1.69145165E+000   1.69145165E+000   1.87189159E+000   1.87189159E+000
 3.91217198E-001   5.24503826E-001   5.24503827E-001   8.39801493E-001   8.39801493E-001   8.57267025E-001   8.57267025E-001   9.51447608E-001   9.51447609E-001   9.95329751E-001   9.95329752E-001   1.04761704E+000   1.04761704E+000   1.59269966E+000   1.59269966E+000   1.67515038E+000   1.67515038E+000   1.86707409E+000   1.86707409E+000
 4.03072265E-001   5.24333935E-001   5.24333936E-001   8.43052651E-001   8.43052651E-001   8.56651561E-001   8.56651561E-001   9.46356483E-001   9.46356484E-001   9.95092490E-001   9.95092491E-001   1.06052268E+000   1.06052268E+000   1.58799077E+000   1.58799077E+000   1.65866337E+000   1.65866337E+000   1.86240357E+000   1.86240357E+000
 4.14927332E-001   5.24178495E-001   5.24178496E-001   8.41337067E-001   8.41337068E-001   8.60408307E-001   8.60408308E-001   9.41473502E-001   9.41473503E-001   9.94858947E-001   9.94858948E-001   1.07423820E+000   1.07423820E+000   1.58344697E+000   1.58344697E+000   1.64202116E+000   1.64202116E+000   1.85790031E+000   1.85790031E+000
 4.26782398E-001   5.24038023E-001   5.24038023E-001   8.37751908E-001   8.37751909E-001   8.65511776E-001   8.65511777E-001   9.36818609E-001   9.36818610E-001   9.94632996E-001   9.94632997E-001   1.08865423E+000   1.08865423E+000   1.57908859E+000   1.57908859E+000   1.62525705E+000   1.62525705E+000   1.85358402E+000   1.85358402E+000
 4.38637465E-001   5.23912598E-001   5.23912599E-001   8.33833493E-001   8.33833494E-001   8.70503626E-001   8.70503627E-001   9.32409935E-001   9.32409936E-001   9.94417011E-001   9.94417012E-001   1.10365380E+000   1.10365380E+000   1.57493532E+000   1.57493532E+000   1.60840805E+000   1.60840805E+000   1.84947377E+000   1.84947377E+000
 4.50492531E-001   5.23801943E-001   5.23801943E-001   8.29969756E-001   8.29969758E-001   8.75073972E-001   8.75073973E-001   9.28264129E-001   9.28264130E-001   9.94212635E-001   9.94212636E-001   1.11911589E+000   1.11911589E+000   1.57100600E+000   1.57100600E+000   1.59151641E+000   1.59151641E+000   1.84558783E+000   1.84558783E+000
 4.62347598E-001   5.23705484E-001   5.23705485E-001   8.26288494E-001   8.26288495E-001   8.79168689E-001   8.79168690E-001   9.24396540E-001   9.24396541E-001   9.94021112E-001   9.94021114E-001   1.13491722E+000   1.13491722E+000   1.56731798E+000   1.56731798E+000   1.57463225E+000   1.57463225E+000   1.84194363E+000   1.84194363E+000
 4.74202665E-001   5.23622430E-001   5.23622431E-001   8.22847026E-001   8.22847027E-001   8.82797053E-001   8.82797054E-001   9.20821341E-001   9.20821342E-001   9.93843444E-001   9.93843445E-001   1.15093148E+000   1.15093148E+000   1.55780957E+000   1.55780957E+000   1.56389413E+000   1.56389413E+000   1.83855760E+000   1.83855760E+000
 4.86057731E-001   5.23551825E-001   5.23551826E-001   8.19677692E-001   8.19677693E-001   8.85984936E-001   8.85984937E-001   9.17551626E-001   9.17551627E-001   9.93680465E-001   9.93680466E-001   1.16702575E+000   1.16702575E+000   1.54113336E+000   1.54113336E+000   1.56074032E+000   1.56074032E+000   1.83544511E+000   1.83544511E+000
 4.97912798E-001   5.23492612E-001   5.23492613E-001   8.16801850E-001   8.16801851E-001   8.88760467E-001   8.88760468E-001   9.14599513E-001   9.14599514E-001   9.93532887E-001   9.93532888E-001   1.18305348E+000   1.18305348E+000   1.52469425E+000   1.52469425E+000   1.55787775E+000   1.55787775E+000   1.83262036E+000   1.83262036E+000
 5.09767865E-001   5.23443688E-001   5.23443689E-001   8.14235087E-001   8.14235089E-001   8.91149063E-001   8.91149064E-001   9.11976273E-001   9.11976274E-001   9.93401320E-001   9.93401321E-001   1.19884314E+000   1.19884314E+000   1.50862343E+000   1.50862343E+000   1.55531896E+000   1.55531896E+000   1.83009630E+000   1.83009630E+000
 5.21622931E-001   5.23403955E-001   5.23403955E-001   8.11989455E-001   8.11989456E-001   8.93171732E-001   8.93171733E-001   9.09692479E-001   9.09692480E-001   9.93286285E-001   9.93286286E-001   1.21418066E+000   1.21418066E+000   1.49310120E+000   1.49310120E+000   1.55307600E+000   1.55307600E+000   1.82788458E+000   1.82788458E+000
 5.33477998E-001   5.23372361E-001   5.23372362E-001   8.10074522E-001   8.10074523E-001   8.94844722E-001   8.94844723E-001   9.07758109E-001   9.07758110E-001   9.93188225E-001   9.93188226E-001   1.22878299E+000   1.22878299E+000   1.47838329E+000   1.47838329E+000   1.55115955E+000   1.55115955E+000   1.82599541E+000   1.82599541E+000
 5.45333064E-001   5.23347948E-001   5.23347949E-001   8.08497926E-001   8.08497927E-001   8.96180022E-001   8.96180023E-001   9.06182306E-001   9.06182307E-001   9.93107505E-001   9.93107506E-001   1.24226073E+000   1.24226073E+000   1.46483757E+000   1.46483757E+000   1.54957880E+000   1.54957880E+000   1.82443757E+000   1.82443757E+000
 5.57188131E-001   5.23329882E-001   5.23329883E-001   8.07265674E-001   8.07265675E-001   8.97187246E-001   8.97187247E-001   9.04971937E-001   9.04971938E-001   9.93044421E-001   9.93044422E-001   1.25407272E+000   1.25407272E+000   1.45298863E+000   1.45298863E+000   1.54834134E+000   1.54834134E+000   1.82321830E+000   1.82321830E+000
 5.69043198E-001   5.23317483E-001   5.23317484E-001   8.06382313E-001   8.06382314E-001   8.97878243E-001   8.97878244E-001   9.04127427E-001   9.04127428E-001   9.92999200E-001   9.92999201E-001   1.26349555E+000   1.26349555E+000   1.44354769E+000   1.44354769E+000   1.54745315E+000   1.54745315E+000   1.82234331E+000   1.82234331E+000
 5.80898264E-001   5.23307872E-001   5.23307873E-001   8.05673731E-001   8.05673733E-001   8.98400665E-001   8.98400666E-001   9.03477250E-001   9.03477251E-001   9.92962928E-001   9.92962929E-001   1.27183915E+000   1.27183915E+000   1.43519444E+000   1.43519444E+000   1.54674000E+000   1.54674000E+000   1.82164085E+000   1.82164085E+000
 5.92753331E-001   5.23685564E-001   5.23685565E-001   8.05664159E-001   8.05664160E-001   8.98389178E-001   8.98389179E-001   9.03275560E-001   9.03275561E-001   9.92751942E-001   9.92751943E-001   1.27170220E+000   1.27170220E+000   1.43523103E+000   1.43523103E+000   1.54659377E+000   1.54659377E+000   1.82136606E+000   1.82136606E+000
 6.04608397E-001   5.24817176E-001   5.24817177E-001   8.05635471E-001   8.05635472E-001   8.98344266E-001   8.98344267E-001   9.02682410E-001   9.02682412E-001   9.92120064E-001   9.92120065E-001   1.27129149E+000   1.27129149E+000   1.43534070E+000   1.43534070E+000   1.54615541E+000   1.54615541E+000   1.82054244E+000   1.82054244E+000
 6.16463464E-001   5.26698322E-001   5.26698323E-001   8.05587762E-001   8.05587764E-001   8.98218491E-001   8.98218492E-001   9.01749633E-001   9.01749634E-001   9.91070529E-001   9.91070530E-001   1.27060752E+000   1.27060752E+000   1.43552319E+000   1.43552319E+000   1.54542596E+000   1.54542596E+000   1.81917222E+000   1.81917222E+000
 6.28318531E-001   5.29321728E-001   5.29321729E-001   8.05521186E-001   8.05521187E-001   8.97843444E-001   8.97843445E-001   9.00652912E-001   9.00652913E-001   9.89608697E-001   9.89608698E-001   1.26965115E+000   1.26965115E+000   1.43577801E+000   1.43577801E+000   1.54440712E+000   1.54440712E+000   1.81725916E+000   1.81725916E+000
 6.40173597E-001   5.32677278E-001   5.32677279E-001   8.05435955E-001   8.05435956E-001   8.96786750E-001   8.96786751E-001   8.99834706E-001   8.99834707E-001   9.87742018E-001   9.87742019E-001   1.26842362E+000   1.26842362E+000   1.43610435E+000   1.43610435E+000   1.54310133E+000   1.54310133E+000   1.81480859E+000   1.81480859E+000
 6.52028664E-001   5.36752081E-001   5.36752082E-001   8.05332335E-001   8.05332336E-001   8.94838532E-001   8.94838533E-001   8.99517695E-001   8.99517696E-001   9.85479974E-001   9.85479975E-001   1.26692663E+000   1.26692663E+000   1.43650096E+000   1.43650096E+000   1.54151174E+000   1.54151174E+000   1.81182750E+000   1.81182750E+000
 6.63883731E-001   5.41530558E-001   5.41530558E-001   8.05210644E-001   8.05210646E-001   8.92257234E-001   8.92257235E-001   8.99458837E-001   8.99458838E-001   9.82834008E-001   9.82834009E-001   1.26516236E+000   1.26516236E+000   1.43696597E+000   1.43696597E+000   1.53964226E+000   1.53964226E+000   1.80832464E+000   1.80832464E+000
 6.75738797E-001   5.46994539E-001   5.46994540E-001   8.05071243E-001   8.05071244E-001   8.89208212E-001   8.89208213E-001   8.99510636E-001   8.99510637E-001   9.79817449E-001   9.79817450E-001   1.26313359E+000   1.26313359E+000   1.43749673E+000   1.43749673E+000   1.53749758E+000   1.53749758E+000   1.80431064E+000   1.80431064E+000
 6.87593864E-001   5.53123384E-001   5.53123385E-001   8.04914526E-001   8.04914527E-001   8.85758586E-001   8.85758587E-001   8.99626147E-001   8.99626148E-001   9.76445420E-001   9.76445421E-001   1.26084374E+000   1.26084374E+000   1.43808951E+000   1.43808951E+000   1.53508322E+000   1.53508322E+000   1.79979817E+000   1.79979817E+000
 6.99448930E-001   5.59894110E-001   5.59894110E-001   8.04740912E-001   8.04740913E-001   8.81945638E-001   8.81945639E-001   8.99790404E-001   8.99790405E-001   9.72734745E-001   9.72734746E-001   1.25829695E+000   1.25829695E+000   1.43873925E+000   1.43873925E+000   1.53240553E+000   1.53240553E+000   1.79480215E+000   1.79480215E+000
 7.11303997E-001   5.67281523E-001   5.67281524E-001   8.04550821E-001   8.04550822E-001   8.77797877E-001   8.77797878E-001   8.99999187E-001   8.99999188E-001   9.68703858E-001   9.68703859E-001   1.25549818E+000   1.25549818E+000   1.43943921E+000   1.43943921E+000   1.52947174E+000   1.52947174E+000   1.78933998E+000   1.78933998E+000
 7.23159064E-001   5.75258369E-001   5.75258370E-001   8.04344659E-001   8.04344660E-001   8.73341278E-001   8.73341279E-001   9.00252603E-001   9.00252604E-001   9.64372718E-001   9.64372719E-001   1.25245325E+000   1.25245325E+000   1.44018053E+000   1.44018054E+000   1.52628998E+000   1.52628998E+000   1.78343182E+000   1.78343182E+000
 7.35014130E-001   5.83795472E-001   5.83795473E-001   8.04122772E-001   8.04122773E-001   8.68601378E-001   8.68601379E-001   9.00552795E-001   9.00552796E-001   9.59762751E-001   9.59762752E-001   1.24916895E+000   1.24916895E+000   1.44095182E+000   1.44095182E+000   1.52286932E+000   1.52286932E+000   1.77710091E+000   1.77710091E+000
 7.46869197E-001   5.92861878E-001   5.92861879E-001   8.03885400E-001   8.03885401E-001   8.63604062E-001   8.63604063E-001   9.00902955E-001   9.00902956E-001   9.54896832E-001   9.54896834E-001   1.24565306E+000   1.24565306E+000   1.44173856E+000   1.44173856E+000   1.51921980E+000   1.51921980E+000   1.77037403E+000   1.77037403E+000
 7.58724264E-001   6.02424975E-001   6.02424976E-001   8.03632584E-001   8.03632585E-001   8.58375880E-001   8.58375881E-001   9.01306750E-001   9.01306750E-001   9.49799377E-001   9.49799378E-001   1.24191444E+000   1.24191444E+000   1.44252255E+000   1.44252255E+000   1.51535240E+000   1.51535240E+000   1.76328187E+000   1.76328187E+000
 7.70579330E-001   6.12450604E-001   6.12450605E-001   8.03364027E-001   8.03364028E-001   8.52944224E-001   8.52944225E-001   9.01767774E-001   9.01767775E-001   9.44496629E-001   9.44496630E-001   1.23796306E+000   1.23796306E+000   1.44328120E+000   1.44328120E+000   1.51127911E+000   1.51127911E+000   1.75585965E+000   1.75585965E+000
 7.82434397E-001   6.22903123E-001   6.22903124E-001   8.03078836E-001   8.03078837E-001   8.47337527E-001   8.47337528E-001   9.02288662E-001   9.02288663E-001   9.39017429E-001   9.39017431E-001   1.23381001E+000   1.23381001E+000   1.44398674E+000   1.44398674E+000   1.50701290E+000   1.50701290E+000   1.74814768E+000   1.74814768E+000
 7.94289463E-001   6.33745426E-001   6.33745427E-001   8.02775052E-001   8.02775053E-001   8.41585648E-001   8.41585649E-001   9.02869099E-001   9.02869100E-001   9.33395177E-001   9.33395178E-001   1.22946755E+000   1.22946755E+000   1.44460542E+000   1.44460542E+000   1.50256773E+000   1.50256773E+000   1.74019207E+000   1.74019207E+000
 8.06144530E-001   6.44938893E-001   6.44938894E-001   8.02448697E-001   8.02448698E-001   8.35720726E-001   8.35720727E-001   9.03500413E-001   9.03500414E-001   9.27673299E-001   9.27673300E-001   1.22494910E+000   1.22494910E+000   1.44509661E+000   1.44509661E+000   1.49795850E+000   1.49795850E+000   1.73204547E+000   1.73204547E+000
 8.17999597E-001   6.56443227E-001   6.56443228E-001   8.02091664E-001   8.02091665E-001   8.29779213E-001   8.29779214E-001   9.04147665E-001   9.04147666E-001   9.21923316E-001   9.21923317E-001   1.22026926E+000   1.22026926E+000   1.44541194E+000   1.44541194E+000   1.49320109E+000   1.49320109E+000   1.72376773E+000   1.72376773E+000
 8.29854663E-001   6.68216161E-001   6.68216162E-001   8.01686463E-001   8.01686464E-001   8.23807075E-001   8.23807076E-001   9.04671851E-001   9.04671851E-001   9.16322912E-001   9.16322913E-001   1.21544374E+000   1.21544374E+000   1.44549447E+000   1.44549447E+000   1.48831231E+000   1.48831231E+000   1.71542667E+000   1.71542667E+000
 8.41709730E-001   6.80212948E-001   6.80212949E-001   8.01190923E-001   8.01190924E-001   8.17875113E-001   8.17875114E-001   9.04382794E-001   9.04382794E-001   9.11603456E-001   9.11603456E-001   1.21048936E+000   1.21048936E+000   1.44527813E+000   1.44527813E+000   1.48330980E+000   1.48330980E+000   1.70709844E+000   1.70709844E+000
 8.53564796E-001   6.92385539E-001   6.92385540E-001   8.00484163E-001   8.00484164E-001   8.12133159E-001   8.12133160E-001   9.01264561E-001   9.01264562E-001   9.09825167E-001   9.09825168E-001   1.20542402E+000   1.20542402E+000   1.44468759E+000   1.44468759E+000   1.47821207E+000   1.47821207E+000   1.69886761E+000   1.69886761E+000
 8.65419863E-001   7.04681243E-001   7.04681244E-001   7.99148317E-001   7.99148317E-001   8.07028803E-001   8.07028803E-001   8.95979644E-001   8.95979645E-001   9.10373743E-001   9.10373744E-001   1.20026661E+000   1.20026661E+000   1.44363873E+000   1.44363873E+000   1.47303840E+000   1.47303840E+000   1.69082657E+000   1.69082657E+000
 8.77274930E-001   7.17040381E-001   7.17040381E-001   7.96109869E-001   7.96109870E-001   8.03667244E-001   8.03667245E-001   8.90167422E-001   8.90167423E-001   9.11662964E-001   9.11662964E-001   1.19503697E+000   1.19503697E+000   1.44204021E+000   1.44204021E+000   1.46780876E+000   1.46780876E+000   1.68307391E+000   1.68307391E+000
 8.89129996E-001   7.29391527E-001   7.29391528E-001   7.91273692E-001   7.91273693E-001   8.02180527E-001   8.02180528E-001   8.84240556E-001   8.84240557E-001   9.13339689E-001   9.13339689E-001   1.18975579E+000   1.18975579E+000   1.43979635E+000   1.43979635E+000   1.46254374E+000   1.46254374E+000   1.67571153E+000   1.67571153E+000
 9.00985063E-001   7.41638879E-001   7.41638880E-001   7.85818666E-001   7.85818667E-001   8.01442676E-001   8.01442677E-001   8.78318567E-001   8.78318568E-001   9.15352035E-001   9.15352035E-001   1.18444452E+000   1.18444452E+000   1.43681152E+000   1.43681152E+000   1.45726449E+000   1.45726449E+000   1.66884021E+000   1.66884021E+000
 9.12840130E-001   7.53609743E-001   7.53609744E-001   7.80353420E-001   7.80353421E-001   8.00964199E-001   8.00964200E-001   8.72459213E-001   8.72459214E-001   9.17720130E-001   9.17720131E-001   1.17912531E+000   1.17912531E+000   1.43299606E+000   1.43299606E+000   1.45199259E+000   1.45199259E+000   1.66255383E+000   1.66255383E+000
 9.24695196E-001   7.64559542E-001   7.64559543E-001   7.75678709E-001   7.75678710E-001   8.00622036E-001   8.00622037E-001   8.66702938E-001   8.66702939E-001   9.20494165E-001   9.20494165E-001   1.17382085E+000   1.17382085E+000   1.42827307E+000   1.42827307E+000   1.44674996E+000   1.44674996E+000   1.65693255E+000   1.65693255E+000
 9.36550263E-001   7.67105081E-001   7.67105083E-001   7.79085051E-001   7.79085052E-001   8.00425635E-001   8.00425636E-001   8.61085695E-001   8.61085696E-001   9.23744402E-001   9.23744403E-001   1.16855428E+000   1.16855428E+000   1.42258519E+000   1.42258519E+000   1.44155877E+000   1.44155877E+000   1.65203625E+000   1.65203625E+000
 9.48405329E-001   7.62503678E-001   7.62503680E-001   7.88964680E-001   7.88964681E-001   8.00622141E-001   8.00622142E-001   8.55646002E-001   8.55646003E-001   9.27557607E-001   9.27557608E-001   1.16334908E+000   1.16334908E+000   1.41590004E+000   1.41590004E+000   1.43644135E+000   1.43644135E+000   1.64789918E+000   1.64789918E+000
 9.60260396E-001   7.57430796E-001   7.57430797E-001   7.96384218E-001   7.96384219E-001   8.03339417E-001   8.03339417E-001   8.50435062E-001   8.50435063E-001   9.32033341E-001   9.32033342E-001   1.15822890E+000   1.15822890E+000   1.40821311E+000   1.40821311E+000   1.43142005E+000   1.43142005E+000   1.64452739E+000   1.64452739E+000
 9.72115463E-001   7.52424400E-001   7.52424401E-001   7.97924459E-001   7.97924460E-001   8.11280244E-001   8.11280244E-001   8.45544885E-001   8.45544886E-001   9.37277159E-001   9.37277160E-001   1.15321748E+000   1.15321748E+000   1.39954762E+000   1.39954762E+000   1.42651716E+000   1.42651716E+000   1.64189915E+000   1.64189915E+000
 9.83970529E-001   7.47581276E-001   7.47581277E-001   7.97998213E-001   7.97998214E-001   8.19604278E-001   8.19604279E-001   8.41223153E-001   8.41223154E-001   9.43389238E-001   9.43389238E-001   1.14833844E+000   1.14833844E+000   1.38995142E+000   1.38995142E+000   1.42175473E+000   1.42175473E+000   1.63996844E+000   1.63996844E+000
 9.95825596E-001   7.42941051E-001   7.42941052E-001   7.97839470E-001   7.97839471E-001   8.25935079E-001   8.25935080E-001   8.38507890E-001   8.38507890E-001   9.50449004E-001   9.50449005E-001   1.14361518E+000   1.14361518E+000   1.37949206E+000   1.37949206E+000   1.41715444E+000   1.41715444E+000   1.63867045E+000   1.63867045E+000
 1.00768066E+000   7.38528006E-001   7.38528007E-001   7.97611326E-001   7.97611327E-001   8.27078810E-001   8.27078811E-001   8.40374280E-001   8.40374281E-001   9.58499275E-001   9.58499276E-001   1.13907074E+000   1.13907074E+000   1.36825114E+000   1.36825114E+000   1.41273750E+000   1.41273750E+000   1.63792780E+000   1.63792780E+000
 1.01953573E+000   7.34360235E-001   7.34360236E-001   7.97352602E-001   7.97352603E-001   8.24400200E-001   8.24400201E-001   8.45412943E-001   8.45412944E-001   9.67535460E-001   9.67535461E-001   1.13472759E+000   1.13472759E+000   1.35631913E+000   1.35631913E+000   1.40852451E+000   1.40852451E+000   1.63765662E+000   1.63765662E+000
 1.03139080E+000   7.30452513E-001   7.30452514E-001   7.97074670E-001   7.97074671E-001   8.20982915E-001   8.20982916E-001   8.50570176E-001   8.50570177E-001   9.77504205E-001   9.77504205E-001   1.13060753E+000   1.13060753E+000   1.34379148E+000   1.34379149E+000   1.40453531E+000   1.40453531E+000   1.63777145E+000   1.63777145E+000
 1.04324586E+000   7.26817418E-001   7.26817419E-001   7.96779278E-001   7.96779279E-001   8.17582439E-001   8.17582440E-001   8.55166684E-001   8.55166685E-001   9.88311384E-001   9.88311385E-001   1.12673153E+000   1.12673153E+000   1.33076645E+000   1.33076645E+000   1.40078890E+000   1.40078890E+000   1.63818901E+000   1.63818901E+000
 1.05510093E+000   7.23465854E-001   7.23465855E-001   7.96463197E-001   7.96463198E-001   8.14390468E-001   8.14390469E-001   8.59113199E-001   8.59113200E-001   9.99834827E-001   9.99834827E-001   1.12311954E+000   1.12311954E+000   1.31734468E+000   1.31734468E+000   1.39730327E+000   1.39730327E+000   1.63883073E+000   1.63883073E+000
 1.06695600E+000   7.20407330E-001   7.20407332E-001   7.96119755E-001   7.96119756E-001   8.11483898E-001   8.11483899E-001   8.62445043E-001   8.62445044E-001   1.01193580E+000   1.01193580E+000   1.11979038E+000   1.11979038E+000   1.30363094E+000   1.30363094E+000   1.39409532E+000   1.39409532E+000   1.63962430E+000   1.63962430E+000
 1.07881106E+000   7.17650132E-001   7.17650133E-001   7.95739959E-001   7.95739960E-001   8.08906858E-001   8.08906859E-001   8.65227935E-001   8.65227936E-001   1.02446491E+000   1.02446491E+000   1.11676158E+000   1.11676158E+000   1.28973833E+000   1.28973833E+000   1.39118071E+000   1.39118071E+000   1.64050443E+000   1.64050443E+000
 1.09066613E+000   7.15201434E-001   7.15201435E-001   7.95314838E-001   7.95314839E-001   8.06689714E-001   8.06689715E-001   8.67530287E-001   8.67530288E-001   1.03726028E+000   1.03726028E+000   1.11404925E+000   1.11404925E+000   1.27579614E+000   1.27579615E+000   1.38857378E+000   1.38857378E+000   1.64141323E+000   1.64141323E+000
 1.10252120E+000   7.13067389E-001   7.13067390E-001   7.94840549E-001   7.94840550E-001   8.04851043E-001   8.04851044E-001   8.69413538E-001   8.69413539E-001   1.05013625E+000   1.05013625E+000   1.11166793E+000   1.11166793E+000   1.26196367E+000   1.26196367E+000   1.38628744E+000   1.38628744E+000   1.64230021E+000   1.64230021E+000
 1.11437626E+000   7.11253196E-001   7.11253197E-001   7.94326384E-001   7.94326385E-001   8.03392432E-001   8.03392433E-001   8.70929149E-001   8.70929150E-001   1.06285937E+000   1.06285937E+000   1.10963049E+000   1.10963049E+000   1.24845457E+000   1.24845457E+000   1.38433307E+000   1.38433307E+000   1.64312220E+000   1.64312220E+000
 1.12623133E+000   7.09763159E-001   7.09763160E-001   7.93801591E-001   7.93801592E-001   8.02292918E-001   8.02292919E-001   8.72118333E-001   8.72118334E-001   1.07510407E+000   1.07510407E+000   1.10794802E+000   1.10794802E+000   1.23558043E+000   1.23558043E+000   1.38272044E+000   1.38272044E+000   1.64384309E+000   1.64384309E+000
 1.13808640E+000   7.08600734E-001   7.08600735E-001   7.93313813E-001   7.93313814E-001   8.01511180E-001   8.01511181E-001   8.73012837E-001   8.73012838E-001   1.08637563E+000   1.08637564E+000   1.10662974E+000   1.10662974E+000   1.22382656E+000   1.22382656E+000   1.38145766E+000   1.38145766E+000   1.64443368E+000   1.64443368E+000
 1.14994146E+000   7.07768567E-001   7.07768568E-001   7.92917409E-001   7.92917410E-001   8.00997550E-001   8.00997551E-001   8.73636003E-001   8.73636004E-001   1.09589439E+000   1.09589439E+000   1.10568287E+000   1.10568287E+000   1.21396669E+000   1.21396669E+000   1.38055109E+000   1.38055109E+000   1.64487147E+000   1.64487147E+000
 1.16179653E+000   7.07268526E-001   7.07268527E-001   7.92659292E-001   7.92659293E-001   8.00708372E-001   8.00708373E-001   8.74003751E-001   8.74003752E-001   1.10250847E+000   1.10250847E+000   1.10511265E+000   1.10511265E+000   1.20714915E+000   1.20714915E+000   1.38000530E+000   1.38000530E+000   1.64514049E+000   1.64514049E+000
 1.17365160E+000   7.07101723E-001   7.07101724E-001   7.92569808E-001   7.92569809E-001   8.00615213E-001   8.00615214E-001   8.74125323E-001   8.74125324E-001   1.10492222E+000   1.10492222E+000   1.10492222E+000   1.10492222E+000   1.20466777E+000   1.20466777E+000   1.37982307E+000   1.37982307E+000   1.64523123E+000   1.64523123E+000
 1.18550666E+000   7.07268526E-001   7.07268527E-001   7.92659292E-001   7.92659293E-001   8.00708372E-001   8.00708373E-001   8.74003751E-001   8.74003752E-001   1.10250847E+000   1.10250847E+000   1.10511265E+000   1.10511265E+000   1.20714915E+000   1.20714915E+000   1.38000530E+000   1.38000530E+000   1.64514049E+000   1.64514049E+000
 1.19736173E+000   7.07768567E-001   7.07768568E-001   7.92917409E-001   7.92917410E-001   8.00997550E-001   8.00997551E-001   8.73636003E-001   8.73636004E-001   1.09589439E+000   1.09589439E+000   1.10568287E+000   1.10568287E+000   1.21396669E+000   1.21396669E+000   1.38055109E+000   1.38055109E+000   1.64487147E+000   1.64487147E+000
 1.20921679E+000   7.08600734E-001   7.08600735E-001   7.93313813E-001   7.93313814E-001   8.01511180E-001   8.01511181E-001   8.73012837E-001   8.73012838E-001   1.08637563E+000   1.08637564E+000   1.10662974E+000   1.10662974E+000   1.22382656E+000   1.22382656E+000   1.38145766E+000   1.38145766E+000   1.64443368E+000   1.64443368E+000
 1.22107186E+000   7.09763159E-001   7.09763160E-001   7.93801591E-001   7.93801592E-001   8.02292918E-001   8.02292919E-001   8.72118333E-001   8.72118334E-001   1.07510407E+000   1.07510407E+000   1.10794802E+000   1.10794802E+000   1.23558043E+000   1.23558043E+000   1.38272044E+000   1.38272044E+000   1.64384309E+000   1.64384309E+000
 1.23292693E+000   7.11253196E-001   7.11253197E-001   7.94326384E-001   7.94326385E-001   8.03392432E-001   8.03392433E-001   8.70929149E-001   8.70929150E-001   1.06285937E+000   1.06285937E+000   1.10963049E+000   1.10963049E+000   1.24845457E+000   1.24845457E+000   1.38433307E+000   1.38433307E+000   1.64312220E+000   1.64312220E+000
 1.24478199E+000   7.13067389E-001   7.13067390E-001   7.94840549E-001   7.94840550E-001   8.04851043E-001   8.04851044E-001   8.69413538E-001   8.69413539E-001   1.05013625E+000   1.05013625E+000   1.11166793E+000   1.11166793E+000   1.26196367E+000   1.26196367E+000   1.38628744E+000   1.38628744E+000   1.64230021E+000   1.64230021E+000
 1.25663706E+000   7.15201434E-001   7.15201435E-001   7.95314838E-001   7.95314839E-001   8.06689714E-001   8.06689715E-001   8.67530287E-001   8.67530288E-001   1.03726028E+000   1.03726028E+000   1.11404925E+000   1.11404925E+000   1.27579614E+000   1.27579615E+000   1.38857378E+000   1.38857378E+000   1.64141323E+000   1.64141323E+000
 1.26849213E+000   7.17650132E-001   7.17650133E-001   7.95739959E-001   7.95739960E-001   8.08906858E-001   8.08906859E-001   8.65227935E-001   8.65227936E-001   1.02446491E+000   1.02446491E+000   1.11676158E+000   1.11676158E+000   1.28973833E+000   1.28973833E+000   1.39118071E+000   1.39118071E+000   1.64050443E+000   1.64050443E+000
 1.28034719E+000   7.20407330E-001   7.20407332E-001   7.96119755E-001   7.96119756E-001   8.11483898E-001   8.11483899E-001   8.62445043E-001   8.62445044E-001   1.01193580E+000   1.01193580E+000   1.11979038E+000   1.11979038E+000   1.30363094E+000   1.30363094E+000   1.39409532E+000   1.39409532E+000   1.63962430E+000   1.63962430E+000
 1.29220226E+000   7.23465854E-001   7.23465855E-001   7.96463197E-001   7.96463198E-001   8.14390468E-001   8.14390469E-001   8.59113199E-001   8.59113200E-001   9.99834827E-001   9.99834827E-001   1.12311954E+000   1.12311954E+000   1.31734468E+000   1.31734468E+000   1.39730327E+000   1.39730327E+000   1.63883073E+000   1.63883073E+000
 1.30405733E+000   7.26817418E-001   7.26817419E-001   7.96779278E-001   7.96779279E-001   8.17582439E-001   8.17582440E-001   8.55166684E-001   8.55166685E-001   9.88311384E-001   9.88311385E-001   1.12673153E+000   1.12673153E+000   1.33076645E+000   1.33076645E+000   1.40078890E+000   1.40078890E+000   1.63818901E+000   1.63818901E+000
 1.31591239E+000   7.30452513E-001   7.30452514E-001   7.97074670E-001   7.97074671E-001   8.20982915E-001   8.20982916E-001   8.50570176E-001   8.50570177E-001   9.77504205E-001   9.77504205E-001   1.13060753E+000   1.13060753E+000   1.34379148E+000   1.34379149E+000   1.40453531E+000   1.40453531E+000   1.63777145E+000   1.63777145E+000
 1.32776746E+000   7.34360235E-001   7.34360236E-001   7.97352602E-001   7.97352603E-001   8.24400200E-001   8.24400201E-001   8.45412943E-001   8.45412944E-001   9.67535460E-001   9.67535461E-001   1.13472759E+000   1.13472759E+000   1.35631913E+000   1.35631913E+000   1.40852451E+000   1.40852451E+000   1.63765662E+000   1.63765662E+000
 1.33962253E+000   7.38528006E-001   7.38528007E-001   7.97611326E-001   7.97611327E-001   8.27078810E-001   8.27078811E-001   8.40374280E-001   8.40374281E-001   9.58499275E-001   9.58499276E-001   1.13907074E+000   1.13907074E+000   1.36825114E+000   1.36825114E+000   1.41273750E+000   1.41273750E+000   1.63792780E+000   1.63792780E+000
 1.35147759E+000   7.42941051E-001   7.42941052E-001   7.97839470E-001   7.97839471E-001   8.25935079E-001   8.25935080E-001   8.38507890E-001   8.38507890E-001   9.50449004E-001   9.50449005E-001   1.14361518E+000   1.14361518E+000   1.37949206E+000   1.37949206E+000   1.41715444E+000   1.41715444E+000   1.63867045E+000   1.63867045E+000
 1.36333266E+000   7.47581276E-001   7.47581277E-001   7.97998213E-001   7.97998214E-001   8.19604278E-001   8.19604279E-001   8.41223153E-001   8.41223154E-001   9.43389238E-001   9.43389238E-001   1.14833844E+000   1.14833844E+000   1.38995142E+000   1.38995142E+000   1.42175473E+000   1.42175473E+000   1.63996844E+000   1.63996844E+000
 1.37518773E+000   7.52424400E-001   7.52424401E-001   7.97924459E-001   7.97924460E-001   8.11280244E-001   8.11280244E-001   8.45544885E-001   8.45544886E-001   9.37277159E-001   9.37277160E-001   1.15321748E+000   1.15321748E+000   1.39954762E+000   1.39954762E+000   1.42651716E+000   1.42651716E+000   1.64189915E+000   1.64189915E+000
 1.38704279E+000   7.57430796E-001   7.57430797E-001   7.96384218E-001   7.96384219E-001   8.03339417E-001   8.03339417E-001   8.50435062E-001   8.50435063E-001   9.32033341E-001   9.32033342E-001   1.15822890E+000   1.15822890E+000   1.40821311E+000   1.40821311E+000   1.43142005E+000   1.43142005E+000   1.64452739E+000   1.64452739E+000
 1.39889786E+000   7.62503678E-001   7.62503680E-001   7.88964680E-001   7.88964681E-001   8.00622141E-001   8.00622142E-001   8.55646002E-001   8.55646003E-001   9.27557607E-001   9.27557608E-001   1.16334908E+000   1.16334908E+000   1.41590004E+000   1.41590004E+000   1.43644135E+000   1.43644135E+000   1.64789918E+000   1.64789918E+000
 1.41075293E+000   7.67105081E-001   7.67105083E-001   7.79085051E-001   7.79085052E-001   8.00425635E-001   8.00425636E-001   8.61085695E-001   8.61085696E-001   9.23744402E-001   9.23744403E-001   1.16855428E+000   1.16855428E+000   1.42258519E+000   1.42258519E+000   1.44155877E+000   1.44155877E+000   1.65203625E+000   1.65203625E+000
 1.42260799E+000   7.64559542E-001   7.64559543E-001   7.75678709E-001   7.75678710E-001   8.00622036E-001   8.00622037E-001   8.66702938E-001   8.66702939E-001   9.20494165E-001   9.20494165E-001   1.17382085E+000   1.17382085E+000   1.42827307E+000   1.42827307E+000   1.44674996E+000   1.44674996E+000   1.65693255E+000   1.65693255E+000
 1.43446306E+000   7.53609743E-001   7.53609744E-001   7.80353420E-001   7.80353421E-001   8.00964199E-001   8.00964200E-001   8.72459213E-001   8.72459214E-001   9.17720130E-001   9.17720131E-001   1.17912531E+000   1.17912531E+000   1.43299606E+000   1.43299606E+000   1.45199259E+000   1.45199259E+000   1.66255383E+000   1.66255383E+000
 1.44631813E+000   7.41638879E-001   7.41638880E-001   7.85818666E-001   7.85818667E-001   8.01442676E-001   8.01442677E-001   8.78318567E-001   8.78318568E-001   9.15352035E-001   9.15352035E-001   1.18444452E+000   1.18444452E+000   1.43681152E+000   1.43681152E+000   1.45726449E+000   1.45726449E+000   1.66884021E+000   1.66884021E+000
 1.45817319E+000   7.29391527E-001   7.29391528E-001   7.91273692E-001   7.91273693E-001   8.02180527E-001   8.02180528E-001   8.84240556E-001   8.84240557E-001   9.13339689E-001   9.13339689E-001   1.18975579E+000   1.18975579E+000   1.43979635E+000   1.43979635E+000   1.46254374E+000   1.46254374E+000   1.67571153E+000   1.67571153E+000
 1.47002826E+000   7.17040381E-001   7.17040381E-001   7.96109869E-001   7.96109870E-001   8.03667244E-001   8.03667245E-001   8.90167422E-001   8.90167423E-001   9.11662964E-001   9.11662964E-001   1.19503697E+000   1.19503697E+000   1.44204021E+000   1.44204021E+000   1.46780876E+000   1.46780876E+000   1.68307391E+000   1.68307391E+000
 1.48188333E+000   7.04681243E-001   7.04681244E-001   7.99148317E-001   7.99148317E-001   8.07028803E-001   8.07028803E-001   8.95979644E-001   8.95979645E-001   9.10373743E-001   9.10373744E-001   1.20026661E+000   1.20026661E+000   1.44363873E+000   1.44363873E+000   1.47303840E+000   1.47303840E+000   1.69082657E+000   1.69082657E+000
 1.49373839E+000   6.92385539E-001   6.92385540E-001   8.00484163E-001   8.00484164E-001   8.12133159E-001   8.12133160E-001   9.01264561E-001   9.01264562E-001   9.09825167E-001   9.09825168E-001   1.20542402E+000   1.20542402E+000   1.44468759E+000   1.44468759E+000   1.47821207E+000   1.47821207E+000   1.69886761E+000   1.69886761E+000
 1.50559346E+000   6.80212948E-001   6.80212949E-001   8.01190923E-001   8.01190924E-001   8.17875113E-001   8.17875114E-001   9.04382794E-001   9.04382794E-001   9.11603456E-001   9.11603456E-001   1.21048936E+000   1.21048936E+000   1.44527813E+000   1.44527813E+000   1.48330980E+000   1.48330980E+000   1.70709844E+000   1.70709844E+000
 1.51744853E+000   6.68216161E-001   6.68216162E-001   8.01686463E-001   8.01686464E-001   8.23807075E-001   8.23807076E-001   9.04671851E-001   9.04671851E-001   9.16322912E-001   9.16322913E-001   1.21544374E+000   1.21544374E+000   1.44549447E+000   1.44549447E+000   1.48831231E+000   1.48831231E+000   1.71542667E+000   1.71542667E+000
 1.52930359E+000   6.56443227E-001   6.56443228E-001   8.02091664E-001   8.02091665E-001   8.29779213E-001   8.29779214E-001   9.04147665E-001   9.04147666E-001   9.21923316E-001   9.21923317E-001   1.22026926E+000   1.22026926E+000   1.44541194E+000   1.44541194E+000   1.49320109E+000   1.49320109E+000   1.72376773E+000   1.72376773E+000
 1.54115866E+000   6.44938893E-001   6.44938894E-001   8.02448697E-001   8.02448698E-001   8.35720726E-001   8.35720727E-001   9.03500413E-001   9.03500414E-001   9.27673299E-001   9.27673300E-001   1.22494910E+000   1.22494910E+000   1.44509661E+000   1.44509661E+000   1.49795850E+000   1.49795850E+000   1.73204547E+000   1.73204547E+000
 1.55301373E+000   6.33745426E-001   6.33745427E-001   8.02775052E-001   8.02775053E-001   8.41585648E-001   8.41585649E-001   9.02869099E-001   9.02869100E-001   9.33395177E-001   9.33395178E-001   1.22946755E+000   1.22946755E+000   1.44460542E+000   1.44460542E+000   1.50256773E+000   1.50256773E+000   1.74019207E+000   1.74019207E+000
 1.56486879E+000   6.22903123E-001   6.22903124E-001   8.03078836E-001   8.03078837E-001   8.47337527E-001   8.47337528E-001   9.02288662E-001   9.02288663E-001   9.39017429E-001   9.39017431E-001   1.23381001E+000   1.23381001E+000   1.44398674E+000   1.44398674E+000   1.50701290E+000   1.50701290E+000   1.74814768E+000   1.74814768E+000
 1.57672386E+000   6.12450604E-001   6.12450605E-001   8.03364027E-001   8.03364028E-001   8.52944224E-001   8.52944225E-001   9.01767774E-001   9.01767775E-001   9.44496629E-001   9.44496630E-001   1.23796306E+000   1.23796306E+000   1.44328120E+000   1.44328120E+000   1.51127911E+000   1.51127911E+000   1.75585965E+000   1.75585965E+000
 1.58857893E+000   6.02424975E-001   6.02424976E-001   8.03632584E-001   8.03632585E-001   8.58375880E-001   8.58375881E-001   9.01306750E-001   9.01306750E-001   9.49799377E-001   9.49799378E-001   1.24191444E+000   1.24191444E+000   1.44252255E+000   1.44252255E+000   1.51535240E+000   1.51535240E+000   1.76328187E+000   1.76328187E+000
 1.60043399E+000   5.92861878E-001   5.92861879E-001   8.03885400E-001   8.03885401E-001   8.63604062E-001   8.63604063E-001   9.00902955E-001   9.00902956E-001   9.54896832E-001   9.54896834E-001   1.24565306E+000   1.24565306E+000   1.44173856E+000   1.44173856E+000   1.51921980E+000   1.51921980E+000   1.77037403E+000   1.77037403E+000
 1.61228906E+000   5.83795472E-001   5.83795473E-001   8.04122772E-001   8.04122773E-001   8.68601378E-001   8.68601379E-001   9.00552795E-001   9.00552796E-001   9.59762751E-001   9.59762752E-001   1.24916895E+000   1.24916895E+000   1.44095182E+000   1.44095182E+000   1.52286932E+000   1.52286932E+000   1.77710091E+000   1.77710091E+000
 1.62414413E+000   5.75258369E-001   5.75258370E-001   8.04344659E-001   8.04344660E-001   8.73341278E-001   8.73341279E-001   9.00252603E-001   9.00252604E-001   9.64372718E-001   9.64372719E-001   1.25245325E+000   1.25245325E+000   1.44018053E+000   1.44018054E+000   1.52628998E+000   1.52628998E+000   1.78343182E+000   1.78343182E+000
 1.63599919E+000   5.67281523E-001   5.67281524E-001   8.04550821E-001   8.04550822E-001   8.77797877E-001   8.77797878E-001   8.99999187E-001   8.99999188E-001   9.68703858E-001   9.68703859E-001   1.25549818E+000   1.25549818E+000   1.43943921E+000   1.43943921E+000   1.52947174E+000   1.52947174E+000   1.78933998E+000   1.78933998E+000
 1.64785426E+000   5.59894110E-001   5.59894110E-001   8.04740912E-001   8.04740913E-001   8.81945638E-001   8.81945639E-001   8.99790404E-001   8.99790405E-001   9.72734745E-001   9.72734746E-001   1.25829695E+000   1.25829695E+000   1.43873925E+000   1.43873925E+000   1.53240553E+000   1.53240553E+000   1.79480215E+000   1.79480215E+000
 1.65970933E+000   5.53123384E-001   5.53123385E-001   8.04914526E-001   8.04914527E-001   8.85758586E-001   8.85758587E-001   8.99626147E-001   8.99626148E-001   9.76445420E-001   9.76445421E-001   1.26084374E+000   1.26084374E+000   1.43808951E+000   1.43808951E+000   1.53508322E+000   1.53508322E+000   1.79979817E+000   1.79979817E+000
 1.67156439E+000   5.46994539E-001   5.46994540E-001   8.05071243E-001   8.05071244E-001   8.89208212E-001   8.89208213E-001   8.99510636E-001   8.99510637E-001   9.79817449E-001   9.79817450E-001   1.26313359E+000   1.26313359E+000   1.43749673E+000   1.43749673E+000   1.53749758E+000   1.53749758E+000   1.80431064E+000   1.80431064E+000
 1.68341946E+000   5.41530558E-001   5.41530558E-001   8.05210644E-001   8.05210646E-001   8.92257234E-001   8.92257235E-001   8.99458837E-001   8.99458838E-001   9.82834008E-001   9.82834009E-001   1.26516236E+000   1.26516236E+000   1.43696597E+000   1.43696597E+000   1.53964226E+000   1.53964226E+000   1.80832464E+000   1.80832464E+000
 1.69527453E+000   5.36752081E-001   5.36752082E-001   8.05332335E-001   8.05332336E-001   8.94838532E-001   8.94838533E-001   8.99517695E-001   8.99517696E-001   9.85479974E-001   9.85479975E-001   1.26692663E+000   1.26692663E+000   1.43650096E+000   1.43650096E+000   1.54151174E+000   1.54151174E+000   1.81182750E+000   1.81182750E+000
 1.70712959E+000   5.32677278E-001   5.32677279E-001   8.05435955E-001   8.05435956E-001   8.96786750E-001   8.96786751E-001   8.99834706E-001   8.99834707E-001   9.87742018E-001   9.87742019E-001   1.26842362E+000   1.26842362E+000   1.43610435E+000   1.43610435E+000   1.54310133E+000   1.54310133E+000   1.81480859E+000   1.81480859E+000
 1.71898466E+000   5.29321728E-001   5.29321729E-001   8.05521186E-001   8.05521187E-001   8.97843444E-001   8.97843445E-001   9.00652912E-001   9.00652913E-001   9.89608697E-001   9.89608698E-001   1.26965115E+000   1.26965115E+000   1.43577801E+000   1.43577801E+000   1.54440712E+000   1.54440712E+000   1.81725916E+000   1.81725916E+000
 1.73083973E+000   5.26698322E-001   5.26698323E-001   8.05587762E-001   8.05587764E-001   8.98218491E-001   8.98218492E-001   9.01749633E-001   9.01749634E-001   9.91070529E-001   9.91070530E-001   1.27060752E+000   1.27060752E+000   1.43552319E+000   1.43552319E+000   1.54542596E+000   1.54542596E+000   1.81917222E+000   1.81917222E+000
 1.74269479E+000   5.24817176E-001   5.24817177E-001   8.05635471E-001   8.05635472E-001   8.98344266E-001   8.98344267E-001   9.02682410E-001   9.02682412E-001   9.92120064E-001   9.92120065E-001   1.27129149E+000   1.27129149E+000   1.43534070E+000   1.43534070E+000   1.54615541E+000   1.54615541E+000   1.82054244E+000   1.82054244E+000
 1.75454986E+000   5.23685564E-001   5.23685565E-001   8.05664159E-001   8.05664160E-001   8.98389178E-001   8.98389179E-001   9.03275560E-001   9.03275561E-001   9.92751942E-001   9.92751943E-001   1.27170220E+000   1.27170220E+000   1.43523103E+000   1.43523103E+000   1.54659377E+000   1.54659377E+000   1.82136606E+000   1.82136606E+000
 1.76640493E+000   5.23307872E-001   5.23307873E-001   8.05673731E-001   8.05673733E-001   8.98400665E-001   8.98400666E-001   9.03477250E-001   9.03477251E-001   9.92962928E-001   9.92962929E-001   1.27183915E+000   1.27183915E+000   1.43519444E+000   1.43519444E+000   1.54674000E+000   1.54674000E+000   1.82164085E+000   1.82164085E+000
 1.77825999E+000   5.23307872E-001   5.23307873E-001   8.05673731E-001   8.05673733E-001   8.98400665E-001   8.98400666E-001   9.03477250E-001   9.03477251E-001   9.92962928E-001   9.92962929E-001   1.27183915E+000   1.27183915E+000   1.43519444E+000   1.43519444E+000   1.54674000E+000   1.54674000E+000   1.82164085E+000   1.82164085E+000
 1.79011506E+000   5.23310249E-001   5.23310250E-001   8.05851034E-001   8.05851035E-001   8.98273591E-001   8.98273592E-001   9.03636670E-001   9.03636671E-001   9.92972004E-001   9.92972005E-001   1.26967327E+000   1.26967327E+000   1.43736234E+000   1.43736234E+000   1.54691850E+000   1.54691850E+000   1.82181667E+000   1.82181667E+000
 1.80197013E+000   5.23317483E-001   5.23317484E-001   8.06382313E-001   8.06382314E-001   8.97878243E-001   8.97878244E-001   9.04127427E-001   9.04127428E-001   9.92999200E-001   9.92999201E-001   1.26349555E+000   1.26349555E+000   1.44354769E+000   1.44354769E+000   1.54745315E+000   1.54745315E+000   1.82234331E+000   1.82234331E+000
 1.81382519E+000   5.23329882E-001   5.23329883E-001   8.07265674E-001   8.07265675E-001   8.97187246E-001   8.97187247E-001   9.04971937E-001   9.04971938E-001   9.93044421E-001   9.93044422E-001   1.25407272E+000   1.25407272E+000   1.45298863E+000   1.45298863E+000   1.54834134E+000   1.54834134E+000   1.82321830E+000   1.82321830E+000
 1.82568026E+000   5.23347948E-001   5.23347949E-001   8.08497926E-001   8.08497927E-001   8.96180022E-001   8.96180023E-001   9.06182306E-001   9.06182307E-001   9.93107505E-001   9.93107506E-001   1.24226073E+000   1.24226073E+000   1.46483757E+000   1.46483757E+000   1.54957880E+000   1.54957880E+000   1.82443757E+000   1.82443757E+000
 1.83753533E+000   5.23372361E-001   5.23372362E-001   8.10074522E-001   8.10074523E-001   8.94844722E-001   8.94844723E-001   9.07758109E-001   9.07758110E-001   9.93188225E-001   9.93188226E-001   1.22878299E+000   1.22878299E+000   1.47838329E+000   1.47838329E+000   1.55115955E+000   1.55115955E+000   1.82599541E+000   1.82599541E+000
 1.84939039E+000   5.23403955E-001   5.23403955E-001   8.11989455E-001   8.11989456E-001   8.93171732E-001   8.93171733E-001   9.09692479E-001   9.09692480E-001   9.93286285E-001   9.93286286E-001   1.21418066E+000   1.21418066E+000   1.49310120E+000   1.49310120E+000   1.55307600E+000   1.55307600E+000   1.82788458E+000   1.82788458E+000
 1.86124546E+000   5.23443688E-001   5.23443689E-001   8.14235087E-001   8.14235089E-001   8.91149063E-001   8.91149064E-001   9.11976273E-001   9.11976274E-001   9.93401320E-001   9.93401321E-001   1.19884314E+000   1.19884314E+000   1.50862343E+000   1.50862343E+000   1.55531896E+000   1.55531896E+000   1.83009630E+000   1.83009630E+000
 1.87310053E+000   5.23492612E-001   5.23492613E-001   8.16801850E-001   8.16801851E-001   8.88760467E-001   8.88760468E-001   9.14599513E-001   9.14599514E-001   9.93532887E-001   9.93532888E-001   1.18305348E+000   1.18305348E+000   1.52469425E+000   1.52469425E+000   1.55787775E+000   1.55787775E+000   1.83262036E+000   1.83262036E+000
 1.88495559E+000   5.23551825E-001   5.23551826E-001   8.19677692E-001   8.19677693E-001   8.85984936E-001   8.85984937E-001   9.17551626E-001   9.17551627E-001   9.93680465E-001   9.93680466E-001   1.16702575E+000   1.16702575E+000   1.54113336E+000   1.54113336E+000   1.56074032E+000   1.56074032E+000   1.83544511E+000   1.83544511E+000
 1.89681066E+000   5.23622430E-001   5.23622431E-001   8.22847026E-001   8.22847027E-001   8.82797053E-001   8.82797054E-001   9.20821341E-001   9.20821342E-001   9.93843444E-001   9.93843445E-001   1.15093148E+000   1.15093148E+000   1.55780957E+000   1.55780957E+000   1.56389413E+000   1.56389413E+000   1.83855760E+000   1.83855760E+000
 1.90866573E+000   5.23705484E-001   5.23705485E-001   8.26288494E-001   8.26288495E-001   8.79168689E-001   8.79168690E-001   9.24396540E-001   9.24396541E-001   9.94021112E-001   9.94021114E-001   1.13491722E+000   1.13491722E+000   1.56731798E+000   1.56731798E+000   1.57463225E+000   1.57463225E+000   1.84194363E+000   1.84194363E+000
 1.92052079E+000   5.23801943E-001   5.23801943E-001   8.29969756E-001   8.29969758E-001   8.75073972E-001   8.75073973E-001   9.28264129E-001   9.28264130E-001   9.94212635E-001   9.94212636E-001   1.11911589E+000   1.11911589E+000   1.57100600E+000   1.57100600E+000   1.59151641E+000   1.59151641E+000   1.84558783E+000   1.84558783E+000
 1.93237586E+000   5.23912598E-001   5.23912599E-001   8.33833493E-001   8.33833494E-001   8.70503626E-001   8.70503627E-001   9.32409935E-001   9.32409936E-001   9.94417011E-001   9.94417012E-001   1.10365380E+000   1.10365380E+000   1.57493532E+000   1.57493532E+000   1.60840805E+000   1.60840805E+000   1.84947377E+000   1.84947377E+000
 1.94423093E+000   5.24038023E-001   5.24038023E-001   8.37751908E-001   8.37751909E-001   8.65511776E-001   8.65511777E-001   9.36818609E-001   9.36818610E-001   9.94632996E-001   9.94632997E-001   1.08865423E+000   1.08865423E+000   1.57908859E+000   1.57908859E+000   1.62525705E+000   1.62525705E+000   1.85358402E+000   1.85358402E+000
 1.95608599E+000   5.24178495E-001   5.24178496E-001   8.41337067E-001   8.41337068E-001   8.60408307E-001   8.60408308E-001   9.41473502E-001   9.41473503E-001   9.94858947E-001   9.94858948E-001   1.07423820E+000   1.07423820E+000   1.58344697E+000   1.58344697E+000   1.64202116E+000   1.64202116E+000   1.85790031E+000   1.85790031E+000
 1.96794106E+000   5.24333935E-001   5.24333936E-001   8.43052651E-001   8.43052651E-001   8.56651561E-001   8.56651561E-001   9.46356483E-001   9.46356484E-001   9.95092490E-001   9.95092491E-001   1.06052268E+000   1.06052268E+000   1.58799077E+000   1.58799077E+000   1.65866337E+000   1.65866337E+000   1.86240357E+000   1.86240357E+000
 1.97979613E+000   5.24503826E-001   5.24503827E-001   8.39801493E-001   8.39801493E-001   8.57267025E-001   8.57267025E-001   9.51447608E-001   9.51447609E-001   9.95329751E-001   9.95329752E-001   1.04761704E+000   1.04761704E+000   1.59269966E+000   1.59269966E+000   1.67515038E+000   1.67515038E+000   1.86707409E+000   1.86707409E+000
 1.99165119E+000   5.24687139E-001   5.24687139E-001   8.32711977E-001   8.32711978E-001   8.61068438E-001   8.61068439E-001   9.56724453E-001   9.56724455E-001   9.95563352E-001   9.95563354E-001   1.03561922E+000   1.03561922E+000   1.59755279E+000   1.59755279E+000   1.69145165E+000   1.69145165E+000   1.87189159E+000   1.87189159E+000
 2.00350626E+000   5.24882241E-001   5.24882242E-001   8.23870934E-001   8.23870935E-001   8.65932473E-001   8.65932474E-001   9.62160626E-001   9.62160628E-001   9.95776294E-001   9.95776295E-001   1.02461662E+000   1.02461662E+000   1.60252888E+000   1.60252888E+000   1.70753866E+000   1.70753866E+000   1.87683534E+000   1.87683534E+000
 2.01536132E+000   5.25086806E-001   5.25086807E-001   8.13882481E-001   8.13882482E-001   8.71245865E-001   8.71245866E-001   9.67721951E-001   9.67721953E-001   9.95918375E-001   9.95918377E-001   1.01470805E+000   1.01470805E+000   1.60760637E+000   1.60760637E+000   1.72338448E+000   1.72338448E+000   1.88188429E+000   1.88188429E+000
 2.02721639E+000   5.25297706E-001   5.25297707E-001   8.02954802E-001   8.02954803E-001   8.76821374E-001   8.76821375E-001   9.73354367E-001   9.73354369E-001   9.95775679E-001   9.95775680E-001   1.00614412E+000   1.00614412E+000   1.61276351E+000   1.61276351E+000   1.73896344E+000   1.73896344E+000   1.88701713E+000   1.88701713E+000
 2.03907146E+000   5.25510892E-001   5.25510893E-001   7.91220032E-001   7.91220033E-001   8.82576626E-001   8.82576627E-001   9.78927480E-001   9.78927481E-001   9.94061240E-001   9.94061240E-001   1.00029468E+000   1.00029468E+000   1.61797851E+000   1.61797851E+000   1.75425091E+000   1.75425091E+000   1.89221245E+000   1.89221245E+000
 2.05092652E+000   5.25721246E-001   5.25721246E-001   7.78801463E-001   7.78801463E-001   8.88462026E-001   8.88462027E-001   9.83608501E-001   9.83608502E-001   9.89753826E-001   9.89753826E-001   9.98941300E-001   9.98941301E-001   1.62322961E+000   1.62322961E+000   1.76922314E+000   1.76922314E+000   1.89744879E+000   1.89744879E+000
 2.06278159E+000   5.25922410E-001   5.25922410E-001   7.65827063E-001   7.65827064E-001   8.94440159E-001   8.94440160E-001   9.81519851E-001   9.81519851E-001   9.91284262E-001   9.91284263E-001   9.99440812E-001   9.99440813E-001   1.62849519E+000   1.62849519E+000   1.78385719E+000   1.78385719E+000   1.90270479E+000   1.90270479E+000
 2.07463666E+000   5.26106572E-001   5.26106573E-001   7.52429262E-001   7.52429263E-001   9.00478449E-001   9.00478450E-001   9.76449713E-001   9.76449714E-001   9.95022058E-001   9.95022058E-001   1.00153600E+000   1.00153600E+000   1.63375389E+000   1.63375389E+000   1.79813086E+000   1.79813086E+000   1.90795924E+000   1.90795924E+000
 2.08649172E+000   5.26264198E-001   5.26264199E-001   7.38741485E-001   7.38741486E-001   9.06545936E-001   9.06545937E-001   9.71700798E-001   9.71700798E-001   9.96841871E-001   9.96841872E-001   1.00594749E+000   1.00594749E+000   1.63898471E+000   1.63898471E+000   1.81202268E+000   1.81202268E+000   1.91319123E+000   1.91319123E+000
 2.09834679E+000   5.26383688E-001   5.26383689E-001   7.24894834E-001   7.24894835E-001   9.12611333E-001   9.12611334E-001   9.67473320E-001   9.67473320E-001   9.97638199E-001   9.97638200E-001   1.01148177E+000   1.01148177E+000   1.64416705E+000   1.64416705E+000   1.82551187E+000   1.82551187E+000   1.91838015E+000   1.91838015E+000
 2.11020186E+000   5.26450941E-001   5.26450942E-001   7.11015984E-001   7.11015985E-001   9.18641055E-001   9.18641056E-001   9.63759972E-001   9.63759972E-001   9.98141580E-001   9.98141581E-001   1.01732466E+000   1.01732466E+000   1.64928084E+000   1.64928084E+000   1.83857839E+000   1.83857839E+000   1.92350586E+000   1.92350586E+000
 2.12205692E+000   5.26448807E-001   5.26448808E-001   6.97226389E-001   6.97226390E-001   9.24595759E-001   9.24595760E-001   9.60528801E-001   9.60528802E-001   9.98542614E-001   9.98542616E-001   1.02323935E+000   1.02323935E+000   1.65430662E+000   1.65430662E+000   1.85120289E+000   1.85120289E+000   1.92854873E+000   1.92854873E+000
 2.13391199E+000   5.26356398E-001   5.26356399E-001   6.83642561E-001   6.83642562E-001   9.30421840E-001   9.30421841E-001   9.57758385E-001   9.57758386E-001   9.98897278E-001   9.98897279E-001   1.02913493E+000   1.02913494E+000   1.65922557E+000   1.65922557E+000   1.86336679E+000   1.86336679E+000   1.93348968E+000   1.93348968E+000
 2.14576706E+000   5.26148257E-001   5.26148258E-001   6.70377114E-001   6.70377115E-001   9.36024977E-001   9.36024978E-001   9.55470926E-001   9.55470926E-001   9.99226105E-001   9.99226106E-001   1.03496053E+000   1.03496053E+000   1.66401958E+000   1.66401958E+000   1.87505225E+000   1.87505225E+000   1.93831029E+000   1.93831029E+000
 2.15762212E+000   5.25793425E-001   5.25793426E-001   6.57540242E-001   6.57540243E-001   9.41166309E-001   9.41166310E-001   9.53837915E-001   9.53837915E-001   9.99537908E-001   9.99537909E-001   1.04067929E+000   1.04067929E+000   1.66867133E+000   1.66867133E+000   1.88624223E+000   1.88624223E+000   1.94299284E+000   1.94299284E+000
 2.16947719E+000   5.25254541E-001   5.25254542E-001   6.45241310E-001   6.45241311E-001   9.45033164E-001   9.45033165E-001   9.53609704E-001   9.53609704E-001   9.99836917E-001   9.99836918E-001   1.04626045E+000   1.04626045E+000   1.67316432E+000   1.67316432E+000   1.89692046E+000   1.89692046E+000   1.94752036E+000   1.94752036E+000
 2.18133226E+000   5.24487301E-001   5.24487302E-001   6.33590110E-001   6.33590111E-001   9.46231753E-001   9.46231753E-001   9.56122556E-001   9.56122557E-001   1.00012540E+000   1.00012540E+000   1.05167638E+000   1.05167638E+000   1.67748291E+000   1.67748291E+000   1.90707152E+000   1.90707152E+000   1.95187666E+000   1.95187666E+000
 2.19318732E+000   5.23440940E-001   5.23440940E-001   6.22697037E-001   6.22697038E-001   9.45703426E-001   9.45703426E-001   9.60381962E-001   9.60381962E-001   1.00040480E+000   1.00040480E+000   1.05690144E+000   1.05690144E+000   1.68161233E+000   1.68161233E+000   1.91668081E+000   1.91668081E+000   1.95604641E+000   1.95604641E+000
 2.20504239E+000   5.22060883E-001   5.22060884E-001   6.12671013E-001   6.12671014E-001   9.44773988E-001   9.44773988E-001   9.65012822E-001   9.65012823E-001   1.00067632E+000   1.00067632E+000   1.06191142E+000   1.06191142E+000   1.68553873E+000   1.68553873E+000   1.92573459E+000   1.92573459E+000   1.96001513E+000   1.96001513E+000
 2.21689746E+000   5.20295120E-001   5.20295121E-001   6.03613613E-001   6.03613614E-001   9.43819046E-001   9.43819046E-001   9.69593623E-001   9.69593624E-001   1.00094131E+000   1.00094131E+000   1.06668339E+000   1.06668339E+000   1.68924922E+000   1.68924922E+000   1.93421997E+000   1.93421997E+000   1.96376921E+000   1.96376921E+000
 2.22875252E+000   5.18105532E-001   5.18105533E-001   5.95608130E-001   5.95608131E-001   9.42932410E-001   9.42932411E-001   9.73987527E-001   9.73987528E-001   1.00120160E+000   1.00120160E+000   1.07119559E+000   1.07119559E+000   1.69273179E+000   1.69273179E+000   1.94212496E+000   1.94212496E+000   1.96729599E+000   1.96729599E+000
 2.24060759E+000   5.15483409E-001   5.15483410E-001   5.88704384E-001   5.88704385E-001   9.42138414E-001   9.42138414E-001   9.78129524E-001   9.78129525E-001   1.00145991E+000   1.00145991E+000   1.07542747E+000   1.07542747E+000   1.69597543E+000   1.69597543E+000   1.94943843E+000   1.94943843E+000   1.97058372E+000   1.97058372E+000
 2.25246266E+000   5.12464504E-001   5.12464504E-001   5.82903922E-001   5.82903923E-001   9.41440481E-001   9.41440481E-001   9.81977227E-001   9.81977228E-001   1.00172035E+000   1.00172035E+000   1.07935976E+000   1.07935976E+000   1.69897004E+000   1.69897004E+000   1.95615014E+000   1.95615014E+000   1.97362159E+000   1.97362159E+000
 2.26431772E+000   5.09135850E-001   5.09135851E-001   5.78153388E-001   5.78153389E-001   9.40834875E-001   9.40834876E-001   9.85496329E-001   9.85496330E-001   1.00198914E+000   1.00198914E+000   1.08297447E+000   1.08297447E+000   1.70170647E+000   1.70170647E+000   1.96225075E+000   1.96225075E+000   1.97639974E+000   1.97639974E+000
 2.27617279E+000   5.05628743E-001   5.05628743E-001   5.74351700E-001   5.74351702E-001   9.40315420E-001   9.40315421E-001   9.88654928E-001   9.88654929E-001   1.00227551E+000   1.00227551E+000   1.08625505E+000   1.08625505E+000   1.70417651E+000   1.70417651E+000   1.96773182E+000   1.96773182E+000   1.97890925E+000   1.97890925E+000
 2.28802786E+000   5.02099932E-001   5.02099932E-001   5.71368964E-001   5.71368966E-001   9.39875354E-001   9.39875355E-001   9.91420867E-001   9.91420868E-001   1.00259250E+000   1.00259250E+000   1.08918642E+000   1.08918642E+000   1.70637285E+000   1.70637285E+000   1.97258579E+000   1.97258579E+000   1.98114216E+000   1.98114216E+000
 2.29988292E+000   4.98709574E-001   4.98709575E-001   5.69068601E-001   5.69068602E-001   9.39508143E-001   9.39508143E-001   9.93761644E-001   9.93761645E-001   1.00295620E+000   1.00295620E+000   1.09175504E+000   1.09175504E+000   1.70828909E+000   1.70828909E+000   1.97680600E+000   1.97680600E+000   1.98309147E+000   1.98309147E+000
 2.31173799E+000   4.95604045E-001   4.95604045E-001   5.67324595E-001   5.67324596E-001   9.39207851E-001   9.39207852E-001   9.95649746E-001   9.95649747E-001   1.00338012E+000   1.00338012E+000   1.09394904E+000   1.09394905E+000   1.70991973E+000   1.70991973E+000   1.98038669E+000   1.98038669E+000   1.98475110E+000   1.98475110E+000
 2.32359306E+000   4.92906594E-001   4.92906595E-001   5.66030877E-001   5.66030878E-001   9.38969327E-001   9.38969328E-001   9.97077351E-001   9.97077352E-001   1.00386027E+000   1.00386027E+000   1.09575824E+000   1.09575825E+000   1.71126014E+000   1.71126014E+000   1.98332297E+000   1.98332297E+000   1.98611595E+000   1.98611595E+000
 2.33544812E+000   4.90714508E-001   4.90714508E-001   5.65104194E-001   5.65104195E-001   9.38788293E-001   9.38788294E-001   9.98074434E-001   9.98074435E-001   1.00435702E+000   1.00435703E+000   1.09717423E+000   1.09717423E+000   1.71230656E+000   1.71230656E+000   1.98561088E+000   1.98561088E+000   1.98718182E+000   1.98718182E+000
 2.34730319E+000   4.89099955E-001   4.89099956E-001   5.64483277E-001   5.64483278E-001   9.38661394E-001   9.38661394E-001   9.98707665E-001   9.98707667E-001   1.00479620E+000   1.00479620E+000   1.09819039E+000   1.09819039E+000   1.71305608E+000   1.71305608E+000   1.98724731E+000   1.98724731E+000   1.98794547E+000   1.98794547E+000
 2.35915826E+000   4.88112212E-001   4.88112212E-001   5.64126628E-001   5.64126629E-001   9.38586220E-001   9.38586221E-001   9.99051938E-001   9.99051940E-001   1.00509752E+000   1.00509753E+000   1.09880200E+000   1.09880200E+000   1.71350662E+000   1.71350662E+000   1.98823005E+000   1.98823005E+000   1.98840459E+000   1.98840459E+000
 2.37101332E+000   4.87779847E-001   4.87779848E-001   5.64010344E-001   5.64010345E-001   9.38561324E-001   9.38561324E-001   9.99160516E-001   9.99160518E-001   1.00520450E+000   1.00520451E+000   1.09900618E+000   1.09900618E+000   1.71365693E+000   1.71365693E+000   1.98855778E+000   1.98855778E+000   1.98855778E+000   1.98855778E+000
