Graphene
4.6487  ! atomic units
1.73205080756886     1.0     0.0
1.73205080756886    -1.0     0.0
0.0                  0.0     0.0
 Gr 
 8 
 C
0.000000000000000   0.0000000000000000 0.0000000000000000
0.577350269189626   0.0000000000000000 0.0000000000000000  - 1/(sqrt(3))
0.866025403784438  -0.5000000000000000 0.0000000000000000
1.443375672974064  -0.5000000000000000 0.0000000000000000 
0.866025403784438   0.5000000000000000 0.0000000000000000
1.443375672974064   0.5000000000000000 0.0000000000000000 
1.73205080756886    0.0000000000000000 0.0000000000000000
2.309401076758486   0.0000000000000000 0.0000000000000000

